# All 85240 homology groups of 4 genomes
35104660,35104661,35174967,35174968,35174969,35174970,35174971,35174972,35174973,35174974,35174975,35174976,35174977,35174978,35174979,35174980,35174981,35284512,35284513,35284514,35284515,35284516,35284517,35284518,35284519,35284520,35284521,35347975,35347976,35347977,35347978,35347979,35347980,35347981,35347982,35347983,35347984,35347985,35347986,35347987,35347988,35347989,35347990,35347991,35347992,35347993,35347994,35347995,35347996,35347997,35347998,35347999,35348000,35348001,35348002,35348003,35348004,35348005,35348006,35348007,35348008,35348009,35348010,35348011,35348012,35348013,35348014,35348015,35348016,35348017,35348018,35348019,35348020,35348021,35348022,35348023,35348024,35348025,35348026,35348027,35348028,35348029,35348030,35348031,35348032,35348033,35348034,35348035,35348036,35348037,35348038,35348039,35348040,35348041,35348042,35348043,35348044,35348045,35348046,35348047,35348048,35348049,35348050,35348051,35348052,35348053,35348054,35348055,35348056,35348057,35348058,35348059,35348060,35348061,35348062,35348063,35348064,35348065,35348066,35348067,35348068,35348069,35348070,35348071,35348072,35348073,35348074,35348075,35348076,35348077,35348078,35348079,35348080,35348081,35348082,35348083,35348084,35348085,35348086,35348087,35348088,35348089,35348090,35348091,35348092,35348093,35348094,35348095,35348096,35348097,35348098,35348099,35348100,35348101,35348102,35348103,35348104,35348105,35348106,35348107,35348108,35348109,35348110,35348111,35348112,35348113,35348114,35348115,35348116,35348117,35348118,35348119,35348120,35348121,35348122,35348123,35348124,35348125,35348126,35348127,35348128,35348129,35348130,35348131,35348132,35348133,35348134,35348135,35348136,35348137,35348138,35348139,35348140,35348141,35348142,35348143,35348144,35348145,35348146,35348147,35348148,35348149,35348150,35348151,35348152,35348153,35348154,35348155,35348156,35348157,35348158,35348159,35348160,35348161,35348162,35348163,35348164,35348165,35348166,35348167,35348168,35348169,35348170,35348171,35348172,35348173,35348174,35348175,35348176,35348177,35348178,35348179,35348180,35348181,35348182,35348183,35348184,35348185,35348186,35348187,35348188,35348189,35348190,35348191,35348192,35348193,35348194,35348195,35348196,35348197,35348198,35348199,35348200,35348201,35348202,35348203,35348204,35348205,35348206,35348207,35348208,35348209,35348210,35348211,35348212,35348213,35348214,35348215,35348216,35348217,35348218,35348219,35348220,35348221,35348222,35348223,35348224,35348225,35348226,35348227,35348228,35348229,35348230,35348231,35348232,35348233,35348234,35348235,35348236,35348237,35348238,35348239,35348240,35348241,35348242,35348243,35348244,35348245,35348246,35348247,35348248,35348249,35348250,35348251,35348252,35348253,35348254,35348255,35348256,35348257,35348258,35348259,35348260,35348261,35348262,35348263,35348264,35348265,35348266,35348267,35348268,35348269,35348270,35348271,35348272,35348273,35348274,35348275,35348276,35348277,35348278,35348279,35348280,35348281,35348282,35348283,35348284,35348285,35348286,35348287,35348288,35348289,35348290,35348291,35348292,35348293,35348294,35348295,35348296,35348297,35348298,35348299,35348300,35348301,35348302,35348303,35348304,35348305,35348306,35348307,35348308,35348309,35348310,35348311,35348312,35348313,35348314,35348315,35348316,35348317,35348318,35348319,35348320,35348321,35348322,35348323,35348324,35348325,35348326,35348327,35348328,35348329,35348330,35348331,35348332,35348333,35348334,35348335,35348336,35348337,35348338,35348339,35348340,35348341,35348342,35348343,35348344,35348345,35348346,35348347,35348348,35348349,35348350,35348351,35348352,35348353,35348354,35348355,35348356,35348357,35348358,35348359,35348360,35348361,35348362,35348363,35348364,35348365,35348366,35348367,35348368,35348369,35348370,35348371,35348372,35348373,35348374,35348375,35348376,35348377,35348378,35348379,35348380,35348381,35348382,35348383,35348384,35348385,35348386,35348387,35348388,35348389,35348390,35348391,35348392,35348393,35348394,35348395,35348396,35348397,35348398,35348399,35348400,35348401,35348402,35348403,35348404,35348405,35348406,35348407,35348408,35348409,35348410,35348411,35348412,35348413,35348414,35348415,35348416,35348417,35348418,35348419,35348420,35348421,35348422,35348423,35348424,35348425,35348426,35348427,35348428,35348429,35348430,35348431,35348432,35348433,35348434,35348435,35348436,35348437,35348438,35348439,35348440,35348441,35348442,35348443,35348444,35348445,35348446,35348447,35348448,35348449,35348450,35348451,35348452,35348453,35348454,35348455,35348456,35348457,35348458,35348459,35348460,35348461,35348462,35348463,35348464,35348465,35348466,35348467,35348468,35348469,35348470,35348471,35348472,35348473,35348474,35348475,35348476,35348477,35348478,35348479,35348480,35348481,35348482,35348483,35348484,35348485,35348486,35348487,35348488,35348489,35348490,35348491,35348492,35348493,35348494,35348495,35348496,35348497,35348498,35348499,35348500,35348501,35348502,35348503,35348504,35348505,35348506,35348507,35348508,35348509,35348510,35348511,35348512,35348513,35348514,35348515,35348516,35348517,35348518,35348519,35348520,35348521,35348522,35348523,35348524,35348525,35348526,35348527,35348528,35348529,35348530,35348531,35348532,35348533,35348534,35348535,35348536,35348537,35348538,35348539,35348540,35348541,35348542,35348543,35348544,35348545,35348546,35348547,35348548,35348549,35348550,35348551,35348552,35348553,35348554,35348555,35348556,35348557,35348558,35348559,35348560,35348561,35348562,35348563,35348564,35348565,35348566,35348567,35348568,35348569,35348570,35348571,35348572,35348573,35348574,35348575,35348576,35348577,35348578,35348579,35348580,35348581,35348582,35348583,35348584,35348585,35348586,35348587,35348588,35348589,35348590,35348591,35348592,35348593,35348594,35348595,35348596,35348597,35348598,35348599,35348600,35348601,35348602,35348603,35348604,35348605,35348606,35348607,35348608,35348609,35348610,35348611,35348612,35348613,35348614,35348615,35348616,35348617,35348618,35348619,35348620,35348621,35348622,35348623,35348624,35348625,35348626,35348627,35348628,35348629,35348630,35348631,35348632,35348633,35348634,35348635,35348636,35348637,35348638,35348639,35348640,35348641,35348642,35348643,35348644,35348645,35348646,35348647,35348648,35348649,35348650,35348651,35348652,35348653,35348654,35348655,35348656,35348657,35348658,35348659,35348660,35348661,35348662,35348663,35348664,35348665,35348666,35348667,35348668,35348669,35348670,35348671,35348672,35348673,35348674,35348675,35348676,35348677,35348678,35348679,35348680,35348681,35348682,35348683,35348684,35348685,35348686,35348687,35348688,35348689,35348690,35348691,35348692,35348693,35348694,35348695,35348696,35348697,35348698,35348699,35348700,35348701,35348702,35348703,35348704,35348705,35348706,35348707,35348708,35348709,35348710,35348711,35348712,35348713,35348714,35348715,35348716,35348717,35348718,35348719,35348720,35348721,35348722,35348723,35348724,35348725,35348726,35348727,35348728,35348729,35348730,35348731,35348732,35348733,35348734,35348735,35348736,35348737,35348738,35348739,35348740,35348741,35348742,35348743,35348744,35348745,35348746,35348747,35348748,35348749,35348750,35348751,35348752,35348753,35348754,35348755,35348756,35348757,35348758,35348759,35348760,35348761,35348762,35348763,35348764,35348765,35348766,35348767,35348768,35348769,35348770,35348771,35348772,35348773,35348774,35348775,35348776,35348777,35348778,35348779,35348780,35348781,35348782,35348783,35348784,35348785,35348786,35348787,35348788,35348789,35348790,35348791,35348792,35348793,35348794,35348795,35348796,35348797,35348798,35348799,35348800,35348801,35348802,35348803,35348804,35348805,35348806,35348807,35348808,35348809,35348810,35348811,35348812,35348813,35348814,35348815,35348816,35348817,35348818,35348819,35348820,35348821,35348822,35348823,35348824,35348825,35348826,35348827,35348828,35348829,35348830,35348831,35348832,35348833,35348834,35348835,35348836,35348837,35348838,35348839,35348840,35348841,35348842,35348843,35348844,35348845,35348846,35348847,35348848,35348849,35348850,35348851,35348852,35348853,35348854,35348855,35348856,35348857,35348858,35348859,35348860,35348861,35348862,35348863,35348864,35348865,35348866,35348867,35348868,35348869,35348870,35348871,35348872,35348873,35348874,35348875,35348876,35348877,35348878,35348879,35348880,35348881,35348882,35348883,35348884,35348885,35348886,35348887,35348888,35348889,35348890,35348891,35348892,35348893,35348894,35348895,35348896,35348897,35348898,35348899,35348900,35348901,35348902,35348903,35348904,35348905,35348906,35348907,35348908,35348909,35348910,35348911,35348912,35348913,35348914,35348915,35348916,35348917,35348918,35348919,35348920,35348921,35348922,35348923,35348924,35348925,35348926,35348927,35348928,35348929,35348930,35348931,35348932,35348933,35348934,35348935,35348936,35348937,35348938,35348939,35348940,35348941,35348942,35348943,35348944,35348945,35348946,35348947,35348948,35348949,35348950,35348951,35348952,35348953,35348954,35348955,35348956,35348957,35348958,35348959,35348960,35348961,35348962,35348963,35348964,35348965,35348966,35348967,35348968,35348969,35348970,35348971,35348972,35348973,35348974,35348975,35348976,35348977,35348978,35348979,35348980,35348981,35348982,35348983,35348984,35348985,35348986,35348987,35348988,35348989,35348990,35348991,35348992,35348993,35348994,35348995,35348996,35348997,35348998,35348999,35349000,35349001,35349002,35349003,35349004,35349005,35349006,35349007,35349008,35349009,35349010,35349011,35349012,35349013,35349014,35349015,35349016,35349017,35349018,35349019,35349020,35349021,35349022,35349023,35349024,35349025,35349026,35349027,35349028,35349029,35349030,35349031,35349032,35349033,35349034,35349035,35349036,35349037,35349038,35349039,35349040,35349041,35349042,35349043,35349044,35349045,35349046,35349047,35349048,35349049,35349050,35349051,35349052,35349053,35349054,35349055,35349056,35349057,35349058,35349059,35349060,35349061,35349062,35349063,35349064,35349065,35349066,35349067,35349068,35349069,35349070,35349071,35349072,35349073,35349074,35349075,35349076,35349077,35349078,35349079,35349080,35349081,35349082,35349083,35349084,35349085,35349086,35349087,35349088,35349089,35349090,35349091,35349092,35349093,35349094,35349095,35349096,35349097,35349098,35349099,35349100,35349101,35349102,35349103,35349104,35349105,35349106,35349107,35349108,35349109,35349110,35349111,35349112,35349113,35349114,35349115,35349116,35349117,35349118,35349119,35349120,35349121,35349122,35349123,35349124,35349125,35349126,35349127,35349128,35349129,35349130,35349131,35349132,35349133,35349134,35349135,35349136,35349137,35349138,35349139,35349140,35349141,35349142,35349143,35349144,35349145,35349146,35349147,35349148,35349149,35349150,35349151,35349152,35349153,35349154,35349155,35349156,35349157,35349158,35349159,35349160,35349161,35349162,35349163,35349164,35349165,35349166,35349167,35349168,35349169,35349170,35349171,35349172,35349173,35349174,35349175,35349176,35349177,35349178,35349179,35349180,35349181,35349182,35349183,35349184,35349185,35349186,35349187,35349188,35349189,35349190,35349191,35349192,35349193,35349194,35349195,35349196,35349197,35349198,35349199,35349200,35349201,35349202,35349203,35349204,35349205,35349206,35349207,35349208,35349209,35349210,35349211,35349212,35349213,35349214,35349215,35349216,35349217,35349218,35349219,35349220,35349221,35349222,35349223,35349224,35349225,35349226,35349227,35349228,35349229,35349230,35349231,35349232,35349233,35349234,35349235,35349236,35349237,35349238,35349239,35349240,35349241,35349242,35349243,35349244,35349245,35349246,35349247,35349248,35349249,35349250,35349251,35349252,35349253,35349254,35349255,35349256,35349257,35349258,35349259,35349260,35349261,35349262,35349263,35349264,35349265,35349266,35349267,35349268,35349269,35349270,35349271,35349272,35349273,35349274,35349275,35349276,35349277,35349278,35349279,35349280,35349281,35349282,35349283,35349284,35349285,35349286,35349287,35349288,35349289,35349290,35349291,35349292,35349293,35349294,35349295,35349296,35349297,35349298,35349299,35349300,35349301,35349302,35349303,35349304,35349305,35349306,35349307,35349308,35349309,35349310,35349311,35349312,35349313,35349314,35349315,35349316,35349317,35349318,35349319,35349320,35349321,35349322,35349323,35349324,35349325,35349326,35349327,35349328,35349329,35349330,35349331,35349332,35349333,35349334,35349335,35349336,35349337,35349338,35349339,35349340,35349341,35349342,35349343,35349344,35349345,35349346,35349347,35349348,35349349,35349350,35349351,35349352,35349353,35349354,35349355,35349356,35349357,35349358,35349359,35349360,35349361,35349362,35349363,35349364,35349365,35349366,35349367,35349368,35349369,35349370,35349371,35349372,35349373,35349374,35349375,35349376,35349377,35349378,35349379,35349380,35349381,35349382,35349383,35349384,35349385,35349386,35349387,35349388,35349389,35349390,35349391,35349392,35349393,35349394,35349395,35349396,35349397,35349398,35349399,35349400,35349401,35349402,35349403,35349404,35349405,35349406,35349407,35349408,35349409,35349410,35349411,35349412,35349413,35349414,35349415,35349416,35349417,35349418,35349419,35349420,35349421,35349422,35349423,35349424,35349425,35349426,35349427,35349428,35349429,35349430,35349431,35349432,35349433,35349434,35349435,35349436,35349437,35349438,35349439,35349440,35349441,35349442,35349443,35349444,35349445,35349446,35349447,35349448,35349449,35349450,35349451,35349452,35349453,35349454,35349455,35349456,35349457,35349458,35349459,35349460,35349461,35349462,35349463,35349464,35349465,35349466,35349467,35349468,35349469,35349470,35349471,35349472,35349473,35349474,35349475,35349476,35349477,35349478,35349479,35349480,35349481,35349482,35349483,35349484,35349485,35349486,35349487,35349488,35349489,35349490,35349491,35349492,35349493,35349494,35349495,35349496,35349497,35349498,35349499,35349500,35349501,35349502,35349503,35349504,35349505,35349506,35349507,35349508,35349509,35349510,35349511,35349512,35349513,35349514,35349515,35349516,35349517,35349518,35349519,35349520,35349521,35349522,35349523,35349524,35349525,35349526,35349527,35349528,35349529,35349530,35349531,35349532,35349533,35349534,35349535,35349536,35349537,35349538,35349539,35349540,35349541,35349542,35349543,35349544,35349545,35349546,35349547,35349548,35349549,35349550,35349551,35349552,35349553,35349554,35349555,35349556,35349557,35349558,35349559,35349560,35349561,35349562,35349563,35349564,35349565,35349566,35349567,35349568,35349569,35349570,35349571,35349572,35349573,35349574,35349575,35349576,35349577,35349578,35349579,35349580,35349581,35349582,35349583,35349584,35349585,35349586,35349587,35349588,35349589,35349590,35349591,35349592,35349593,35349594,35349595,35349596,35349597,35349598,35349599,35349600,35349601,35349602,35349603,35349604,35349605,35349606,35349607,35349608,35349609,35349610,35349611,35349612,35349613,35349614,35349615,35349616,35349617,35349618,35349619,35349620,35349621,35349622,35349623,35349624,35349625,35349626,35349627,35349628,35349629,35349630,35349631,35349632,35349633,35349634,35349635,35349636,35349637,35349638,35349639,35349640,35349641,35349642,35349643,35349644,35349645,35349646,35349647,35349648,35349649,35349650,35349651,35349652,35349653,35349654,35349655,35349656,35349657,35349658,35349659,35349660,35349661,35349662,35349663,35349664,35349665,35349666,35349667,35349668,35349669,35349670,35349671,35349672,35349673,35349674,35349675,35349676,35349677,35349678,35349679,35349680,35349681,35349682,35349683,35349684,35349685,35349686,35349687,35349688,35349689,35349690,35349691,35349692,35349693,35349694,35349695,35349696,35349697,35349698,35349699,35349700,35349701,35349702,35349703,35349704,35349705,35349706,35349707,35349708,35349709,35349710,35349711,35349712,35349713,35349714,35349715,35349716,35349717,35349718,35349719,35349720,35349721,35349722,35349723,35349724,35349725,35349726,35349727,35349728,35349729,35349730,35349731,35349732,35349733,35349734,35349735,35349736,35349737,35349738,35349739,35349740,35349741,35349742,35349743,35349744,35349745,35349746,35349747,35349748,35349749,35349750,35349751,35349752,35349753,35349754,35349755,35349756,35349757,35349758,35349759,35349760,35349761,35349762,35349763,35349764,35349765,35349766,35349767,35349768,35349769,35349770,35349771,35349772,35349773,35349774,35349775,35349776,35349777,35349778,35349779,35349780,35349781,35349782,35349783,35349784,35349785,35349786,35349787,35349788,35349789,35349790,35349791,35349792,35349793,35349794,35349795,35349796,35349797,35349798,35349799,35349800,35349801,35349802,35349803,35349804,35349805,35349806,35349807,35349808,35349809,35349810,35349811,35349812,35349813,35349814,35349815,35349816,35349817,35349818,35349819,35349820,35349821,35349822,35349823,35349824,35349825,35349826,35349827,35349828,35349829,35349830,35349831,35349832,35349833,35349834,35349835,35349836,35349837,35349838,35349839,35349840,35349841,35349842,35349843,35349844,35349845,35349846,35349847,35349848,35349849,35349850,35349851,35349852,35349853,35349854,35349855,35349856,35349857,35349858,35349859,35349860,35349861,35349862,35349863,35349864,35349865,35349866,35349867,35349868,35349869,35349870,35349871,35349872,35349873,35349874,35349875,35349876,35349877,35349878,35349879,35349880,35349881,35349882,35349883,35349884,35349885,35349886,35349887,35349888,35349889,35349890,35349891,35349892,35349893,35349894,35349895,35349896,35349897,35349898,35349899,35349900,35349901,35349902,35349903,35349904,35349905,35349906,35349907,35349908,35349909,35349910,35349911,35349912,35349913,35349914,35349915,35349916,35349917,35349918,35349919,35349920,35349921,35349922,35349923,35349924,35349925,35349926,35349927,35349928,35349929,35349930,35349931,35349932,35349933,35349934,35349935,35349936,35349937,35349938,35349939,35349940,35349941,35349942,35349943,35349944,35349945,35349946,35349947,35349948,35349949,35349950,35349951,35349952,35349953,35349954,35349955,35349956,35349957,35349958,35349959,35349960,35349961,35349962,35349963,35349964,35349965,35349966,35349967,35349968,35349969,35349970,35349971,35349972,35349973,35349974,35349975,35349976,35349977,35349978,35349979,35349980,35349981,35349982,35349983,35349984,35349985,35349986,35349987,35349988,35349989,35349990,35349991,35349992,35349993,35349994,35349995,35349996,35349997,35349998,35349999,35350000,35350001,35350002,35350003,35350004,35350005,35350006,35350007,35350008,35350009,35350010,35350011,35350012,35350013,35350014,35350015,35350016,35350017,35350018,35350019,35350020,35350021,35350022,35350023,35350024,35350025,35350026,35350027,35350028,35350029,35350030,35350031,35350032,35350033,35350034,35350035,35350036,35350037,35350038,35350039,35350040,35350041,35350042,35350043,35350044,35350045,35350046,35350047,35350048,35350049,35350050,35350051,35350052,35350053,35350054,35350055,35350056,35350057,35350058,35350059,35350060,35350061,35350062,35350063,35350064,35350065,35350066,35350067,35350068,35350069,35350070,35350071,35350072,35350073,35350074,35350075,35350076,35350077,35350078,35350079,35350080,35350081,35350082,35350083,35350084,35350085,35350086,35350087,35350088,35350089,35350090,35350091,35350092,35350093,35350094,35350095,35350096,35350097,35350098,35350099,35350100,35350101,35350102,35350103,35350104,35350105,35350106,35350107,35350108,35350109,35350110,35350111,35350112,35350113,35350114,35350115,35350116,35350117,35350118,35350119,35350120,35350121,35350122,35350123,35350124,35350125,35350126,35350127,35350128,35350129,35350130,35350131,35350132,35350133,35350134,35350135,35350136,35350137,35350138,35350139,35350140,35350141,35350142,35350143,35350144,35350145,35350146,35350147,35350148,35350149,35350150,35350151,35350152,35350153,35350154,35350155,35350156,35350157,35350158,35350159,35350160,35350161,35350162,35350163,35350164,35350165,35350166,35350167,35350168,35350169,35350170,35350171,35350172,35350173,35350174,35350175,35350176,35350177,35350178,35350179,35350180,35350181,35350182,35350183,35350184,35350185,35350186,35350187,35350188,35350189,35350190,35350191,35350192,35350193,35350194,35350195,35350196,35350197,35350198,35350199,35350200,35350201,35350202,35350203,35350204,35350205,35350206,35350207,35350208,35350209,35350210,35350211,35350212,35350213,35350214,35350215,35350216,35350217,35350218,35350219,35350220,35350221,35350222,35350223,35350224,35350225,35350226,35350227,35350228,35350229,35350230,35350231,35350232,35350233,35350234,35350235,35350236,35350237,35350238,35350239,35350240,35350241,35350242,35350243,35350244,35350245,35350246,35350247,35350248,35350249,35350250,35350251,35350252,35350253,35350254,35350255,35350256,35350257,35350258,35350259,35350260,35350261,35350262,35350263,35350264,35350265,35350266,35350267,35350268,35350269,35350270,35350271,35350272,35350273,35350274,35350275,35350276,35350277,35350278,35350279,35350280,35350281,35350282,35350283,35350284,35350285,35350286,35350287,35350288,35350289,35350290,35350291,35350292,35350293,35350294,35350295,35350296,35350297,35350298,35350299,35350300,35350301,35350302,35350303,35350304,35350305,35350306,35350307,35350308,35350309,35350310,35350311,35350312,35350313,35350314,35350315,35350316,35350317,35350318,35350319,35350320,35350321,35350322,35350323,35350324,35350325,35350326,35350327,35350328,35350329,35350330,35350331,35350332,35350333,35350334,35350335,35350336,35350337,35350338,35350339,35350340,35350341,35350342,35350343,35350344,35350345,35350346,35350347,35350348,35350349,35350350,35350351,35350352,35350353,35350354,35350355,35350356,35350357,35350358,35350359,35350360,35350361,35350362,35350363,35350364,35350365,35350366,35350367,35350368,35350369,35350370,35350371,35350372,35350373,35350374,35350375,35350376,35350377,35350378,35350379,35350380,35350381,35350382,35350383,35350384,35350385,35350386,35350387,35350388,35350389,35350390,35350391,35350392,35350393,35350394,35350395,35350396,35350397,35350398,35350399,35350400,35350401,35350402,35350403,35350404,35350405,35350406,35350407,35350408,35350409,35350410,35350411,35350412,35350413,35350414,35350415,35350416,35350417,35350418,35350419,35350420,35350421,35350422,35350423,35350424,35350425,35350426,35350427,35350428,35350429,35350430,35350431,35350432,35350433,35350434,35350435,35350436,35350437,35350438,35350439,35350440,35350441,35350442,35350443,35350444,35350445,35350446,35350447,35350448,35350449,35350450,35350451,35350452,35350453,35350454,35350455,35350456,35350457,35350458,35350459,35350460,35350461,35350462,35350463,35350464,35350465,35350466,35350467,35350468,35350469,35350470,35350471,35350472,35350473,35350474,35350475,35350476,35350477,35350478,35350479,35350480,35350481,35350482,35350483,35350484,35350485,35350486,35350487,35350488,35350489,35350490,35350491,35350492,35350493,35350494,35350495,35350496,35350497,35350498,35350499,35350500,35350501,35350502,35350503,35350504,35350505,35350506,35350507,35350508,35350509,35350510,35350511,35350512,35350513,35350514,35350515,35350516,35350517,35350518,35350519,35350520,35350521,35350522,35350523,35350524,35350525,35350526,35350527,35350528,35350529,35350530,35350531,35350532,35350533,35350534,35350535,35350536,35350537,35350538,35350539,35350540,35350541,35350542,35350543,35350544,35350545,35350546,35350547,35350548,35350549,35350550,35350551,35350552,35350553,35350554,35350555,35350556,35350557,35350558,35350559,35350560,35350561,35350562,35350563,35350564,35350565,35350566,35350567,35350568,35350569,35350570,35350571,35350572,35350573,35350574,35350575,35350576,35350577,35350578,35350579,35350580,35350581,35350582,35350583,35350584,35350585,35350586,35350587,35350588,35350589,35350590,35350591,35350592,35350593,35350594,35350595,35350596,35350597,35350598,35350599,35350600,35350601,35350602,35350603,35350604,35350605,35350606,35350607,35350608,35350609,35350610,35350611,35350612,35350613,35350614,35350615,35350616,35350617,35350618,35350619,35350620,35350621,35350622,35350623,35350624,35350625,35350626,35350627,35350628,35350629,35350630,35350631,35350632,35350633,35350634,35350635,35350636,35350637,35350638,35350639,35350640,35350641,35350642,35350643,35350644,35350645,35350646,35350647,35350648,35350649,35350650,35350651,35350652,35350653,35350654,35350655,35350656,35350657,35350658,35350659,35350660,35350661,35350662,35350663,35350664,35350665,35350666,35350667,35350668,35350669,35350670,35350671,35350672,35350673,35350674,35350675,35350676,35350677,35350678,35350679,35350680,35350681,35350682,35350683,35350684,35350685,35350686,35350687,35350688,35350689,35350690,35350691,35350692,35350693,35350694,35350695,35350696,35350697,35350698,35350699,35350700,35350701,35350702,35350703,35350704,35350705,35350706,35350707,35350708,35350709,35350710,35350711,35350712,35350713,35350714,35350715,35350716,35350717,35350718,35350719,35350720,35350721,35350722,35350723,35350724,35350725,35350726,35350727,35350728,35350729,35350730,35350731,35350732,35350733,35350734,35350735,35350736,35350737,35350738,35350739,35350740,35350741,35350742,35350743,35350744,35350745,35350746,35350747,35350748,35350749,35350750,35350751,35350752,35350753,35350754,35350755,35350756,35350757,35350758,35350759,35350760,35350761,35350762,35350763,35350764,35350765,35350766,35350767,35350768,35350769,35350770,35350771,35350772,35350773,35350774,35350775,35350776,35350777,35350778,35350779,35350780,35350781,35350782,35350783,35350784,35350785,35350786,35350787,35350788,35350789,35350790,35350791,35350792,35350793,35350794,35350795,35350796,35350797,35350798,35350799,35350800,35350801,35350802,35350803,35350804,35350805,35350806,35350807,35350808,35350809,35350810,35350811,35350812,35350813,35350814,35350815,35350816,35350817,35350818,35350819,35350820,35350821,35350822,35350823,35350824,35350825,35350826,35350827,35350828,35350829,35350830,35350831,35350832,35350833,35350834,35350835,35350836,35350837,35350838,35350839,35350840,35350841,35350842,35350843,35350844,35350845,35350846,35350847,35350848,35350849,35350850,35350851,35350852,35350853,35350854,35350855,35350856,35350857,35350858,35350859,35350860,35350861,35350862,35350863,35350864,35350865,35350866,35350867,35350868,35350869,35350870,35350871,35350872,35350873,35350874,35350875,35350876,35350877,35350878,35350879,35350880,35350881,35350882,35350883,35350884,35350885,35350886,35350887,35350888,35350889,35350890,35350891,35350892,35350893,35350894,35350895,35350896,35350897,35350898,35350899,35350900,35350901,35350902,35350903,35350904,35350905,35350906,35350907,35350908,35350909,35350910,35350911,35350912,35350913,35350914,35350915,35350916,35350917,35350918,35350919,35350920,35350921,35350922,35350923,35350924,35350925,35350926,35350927,35350928,35350929,35350930,35350931,35350932,35350933,35350934,35350935,35350936,35350937,35350938,35350939,35350940,35350941,35350942,35350943,35350944,35350945,35350946,35350947,35350948,35350949,35350950,35350951,35350952,35350953,35350954,35350955,35350956,35350957,35350958,35350959,35350960,35350961,35350962,35350963,35350964,35350965,35350966,35350967,35350968,35350969,35350970,35350971,35350972,35350973,35350974,35350975,35350976,35350977,35350978,35350979,35350980,35350981,35350982,35350983,35350984,35350985,35350986,35350987,35350988,35350989,35350990,35350991,35350992,35350993,35350994,35350995,35350996,35350997,35350998,35350999,35351000,35351001,35351002,35351003,35351004,35351005,35351006,35351007,35351008,35351009,35351010,35351011,35351012,35351013,35351014,35351015,35351016,35351017,35351018,35351019,35351020,35351021,35351022,35351023,35351024,35351025,35351026,35351027,35351028,35351029,35351030,35351031,35351032,35351033,35351034,35351035,35351036,35351037,35351038,35351039,35351040,35351041,35351042,35351043,35351044,35351045,35351046,35351047,35351048,35351049,35351050,35351051,35351052,35351053,35351054,35351055,35351056,35351057,35351058,35351059,35351060,35351061,35351062,35351063,35351064,35351065,35351066,35351067,35351068,35351069,35351070,35351071,35351072,35351073,35351074,35351075,35351076,35351077,35351078,35351079,35351080,35351081,35351082,35351083,35351084,35351085,35351086,35351087,35351088,35351089,35351090,35351091,35351092,35351093,35351094,35351095,35351096,35351097,35351098,35351099,35351100,35351101,35351102,35351103,35351104,35351105,35351106,35351107,35351108,35351109,35351110,35351111,35351112,35351113,35351114,35351115,35351116,35351117,35351118,35351119,35351120,35351121,35351122,35351123,35351124,35351125,35351126,35351127,35351128,35351129,35351130,35351131,35351132,35351133,35351134,35351135,35351136,35351137,35351138,35351139,35351140,35351141,35351142,35351143,35351144,35351145,35351146,35351147,35351148,35351149,35351150,35351151,35351152,35351153,35351154,35351155,35351156,35351157,35351158,35351159,35351160,35351161,35351162,35351163,35351164,35351165,35351166,35351167,35351168,35351169,35351170,35351171,35351172,35351173,35351174,35351175,35351176,35351177,35351178,35351179,35351180,35351181,35351182,35351183,35351184,35351185,35351186,35351187,35351188,35351189,35351190,35351191,35351192,35351193,35351194,35351195,35351196,35351197,35351198,35351199,35351200,35351201,35351202,35351203,35351204,35351205,35351206,35351207,35351208,35351209,35351210,35351211,35351212,35351213,35351214,35351215,35351216,35351217,35351218,35351219,35351220,35351221,35351222,35351223,35351224,35351225,35351226,35351227,35351228,35351229,35351230,35351231,35351232,35351233,35351234,35351235,35351236,35351237,35351238,35351239,35351240,35351241,35351242,35351243,35351244,35351245,35351246,35351247,35351248,35351249,35351250,35351251,35351252,35351253,35351254,35351255,35351256,35351257,35351258,35351259,35351260,35351261,35351262,35351263,35351264,35351265,35351266,35351267,35351268,35351269,35351270,35351271,35351272,35351273,35351274,35351275,35351276,35351277,35351278,35351279,35351280,35351281,35351282,35351283,35351284,35351285,35351286,35351287,35351288,35351289,35351290,35351291,35351292,35351293,35351294,35351295,35351296,35351297,35351298,35351299,35351300,35351301,35351302,35351303,35351304,35351305,35351306,35351307,35351308,35351309,35351310,35351311,35351312,35351313,35351314,35351315,35351316,35351317,35351318,35351319,35351320,35351321,35351322,35351323,35351324,35351325,35351326,35351327,35351328,35351329,35351330,35351331,35351332,35351333,35351334,35351335,35351336,35351337,35351338,35351339,35351340,35351341,35351342,35351343,35351344,35351345,35351346,35351347,35351348,35351349,35351350,35351351,35351352,35351353,35351354,35351355,35351356,35351357,35351358,35351359,35351360,35351361,35351362,35351363,35351364,35351365,35351366,35351367,35351368,35351369,35351370,35351371,35351372,35351373,35351374,35351375,35351376,35351377,35351378,35351379,35351380,35351381,35351382,35351383,35351384,35351385,35351386,35351387,35351388,35351389,35351390,35351391,35351392,35351393,35351394,35351395,35351396,35351397,35351398,35351399,35351400,35351401,35351402,35351403,35351404,35351405,35351406,35351407,35351408,35351409,35351410,35351411,35351412,35351413,35351414,35351415,35351416,35351417,35351418,35351419,35351420,35351421,35351422,35351423,35351424,35351425,35351426,35351427,35351428,35351429,35351430,35351431,35351432,35351433,35351434,35351435,35351436,35351437,35351438,35351439,35351440,35351441,35351442,35351443,35351444,35351445,35351446,35351447,35351448,35351449,35351450,35351451,35351452,35351453,35351454,35351455,35351456,35351457,35351458,35351459,35351460,35351461,35351462,35351463,35351464,35351465,35351466,35351467,35351468,35351469,35351470,35351471,35351472,35351473,35351474,35351475,35351476,35351477,35351478,35351479,35351480,35351481,35351482,35351483,35351484,35351485,35351486,35351487,35351488,35351489,35351490,35351491,35351492,35351493,35351494,35351495,35351496,35351497,35351498,35351499,35351500,35351501,35351502,35351503,35351504,35351505,35351506,35351507,35351508,35351509,35351510,35351511,35351512,35351513,35351514,35351515,35351516,35351517,35351518,35351519,35351520,35351521,35351522,35351523,35351524,35351525,35351526,35351527,35351528,35351529,35351530,35351531,35351532,35351533,35351534,35351535,35351536,35351537,35351538,35351539,35351540,35351541,35351542,35351543,35351544,35351545,35351546,35351547,35351548,35351549,35351550,35351551,35351552,35351553,35351554,35351555,35351556,35351557,35351558,35351559,35351560,35351561,35351562,35351563,35351564,35351565,35351566,35351567,35351568,35351569,35351570,35351571,35351572,35351573,35351574,35351575,35351576,35351577,35351578,35351579,35351580,35351581,35351582,35351583,35351584,35351585,35351586,35351587,35351588,35351589,35351590,35351591,35351592,35351593,35351594,35351595,35351596,35351597,35351598,35351599,35351600,35351601,35351602,35351603,35351604,35351605,35351606,35351607,35351608,35351609,35351610,35351611,35351612,35351613,35351614,35351615,35351616,35351617,35351618,35351619,35351620,35351621,35351622,35351623,35351624,35351625,35351626,35351627,35351628,35351629,35351630,35351631,35351632,35351633,35351634,35351635,35351636,35351637,35351638,35351639,35351640,35351641,35351642,35351643,35351644,35351645,35351646,35351647,35351648,35351649,35351650,35351651,35351652,35351653,35351654,35351655,35351656,35351657,35351658,35351659,35351660,35351661,35351662,35351663,35351664,35351665,35351666,35351667,35351668,35351669,35351670,35351671,35351672,35351673,35351674,35351675,35351676,35351677,35351678,35351679,35351680,35351681,35351682,35351683,35351684,35351685,35351686,35351687,35351688,35351689,35351690,35351691,35351692,35351693,35351694,35351695,35351696,35351697,35351698,35351699,35351700,35351701,35351702,35351703,35351704,35351705,35351706,35351707,35351708,35351709,35351710,35351711,35351712,35351713,35351714,35351715,35351716,35351717,35351718,35351719,35351720,35351721,35351722,35351723,35351724,35351725,35351726,35351727,35351728,35351729,35351730,35351731,35351732,35351733,35351734,35351735,35351736,35351737,35351738,35351739,35351740,35351741,35351742,35351743,35351744,35351745,35351746,35351747,35351748,35351749,35351750,35351751,35351752,35351753,35351754,35351755,35351756,35351757,35351758,35351759,35351760,35351761,35351762,35351763,35351764,35351765,35351766,35351767,35351768,35351769,35351770,35351771,35351772,35351773,35351774,35351775,35351776,35351777,35351778,35351779,35351780,35351781,35351782,35351783,35351784,35351785,35351786,35351787,35351788,35351789,35351790,35351791,35351792,35351793,35351794,35351795,35351796,35351797,35351798,35351799,35351800,35351801,35351802,35351803,35351804,35351805,35351806,35351807,35351808,35351809,35351810,35351811,35351812,35351813,35351814,35351815,35351816,35351817,35351818,35351819,35351820,35351821,35351822,35351823,35351824,35351825,35351826,35351827,35351828,35351829,35351830,35351831,35351832,35351833,35351834,35351835,35351836,35351837,35351838,35351839,35351840,35351841,35351842,35351843,35351844,35351845,35351846,35351847,35351848,35351849,35351850,35351851,35351852,35351853,35351854,35351855,35351856,35351857,35351858,35351859,35351860,35351861,35351862,35351863,35351864,35351865,35351866,35351867,35351868,35351869,35351870,35351871,35351872,35351873,35351874,35351875,35351876,35351877,35351878,35351879,35351880,35351881,35351882,35351883,35351884,35351885,35351886,35351887,35351888,35351889,35351890,35351891,35351892,35351893,35351894,35351895,35351896,35351897,35351898,35351899,35351900,35351901,35351902,35351903,35351904,35351905,35351906,35351907,35351908,35351909,35351910,35351911,35351912,35351913,35351914,35351915,35351916,35351917,35351918,35351919,35351920,35351921,35351922,35351923,35351924,35351925,35351926,35351927,35351928,35351929,35351930,35351931,35351932,35351933,35351934,35351935,35351936,35351937,35351938,35351939,35351940,35351941,35351942,35351943,35351944,35351945,35351946,35351947,35351948,35351949,35351950,35351951,35351952,35351953,35351954,35351955,35351956,35351957,35351958,35351959,35351960,35351961,35351962,35351963,35351964,35351965,35351966,35351967,35351968,35351969,35351970,35351971,35351972,35351973,35351974,35351975,35351976,35351977,35351978,35351979,35351980,35351981,35351982,35351983,35351984,35351985,35351986,35351987,35351988,35351989,35351990,35351991,35351992,35351993,35351994,35351995,35351996,35351997,35351998,35351999,35352000,35352001,35352002,35352003,35352004,35352005,35352006,35352007,35352008,35352009,35352010,35352011,35352012,35352013,35352014,35352015,35352016,35352017,35352018,35352019,35352020,35352021,35352022,35352023,35352024,35352025,35352026,35352027,35352028,35352029,35352030,35352031,35352032,35352033,35352034,35352035,35352036,35352037,35352038,35352039,35352040,35352041,35352042,35352043,35352044,35352045,35352046,35352047,35352048,35352049,35352050,35352051,35352052,35352053,35352054,35352055,35352056,35352057,35352058,35352059,35352060,35352061,35352062,35352063,35352064,35352065,35352066,35352067,35352068,35352069,35352070,35352071,35352072,35352073,35352074,35352075,35352076,35352077,35352078,35352079,35352080,35352081,35352082,35352083,35352084,35352085,35352086,35352087,35352088,35352089,35352090,35352091,35352092,35352093,35352094,35352095,35352096,35352097,35352098,35352099,35352100,35352101,35352102,35352103,35352104,35352105,35352106,35352107,35352108,35352109,35352110,35352111,35352112,35352113,35352114,35352115,35352116,35352117,35352118,35352119,35352120,35352121,35352122,35352123,35352124,35352125,35352126,35352127,35352128,35352129,35352130,35352131,35352132,35352133,35352134,35352135,35352136,35352137,35352138,35352139,35352140,35352141,35352142,35352143,35352144,35352145,35352146,35352147,35352148,35352149,35352150,35352151,35352152,35352153,35352154,35352155,35352156,35352157,35352158,35352159,35352160,35352161,35352162,35352163,35352164,35352165,35352166,35352167,35352168,35352169,35352170,35352171,35352172,35352173,35352174,35352175,35352176,35352177,35352178,35352179,35352180,35352181,35352182,35352183,35352184,35352185,35352186,35352187,35352188,35352189,35352190,35352191,35352192,35352193,35352194,35352195,35352196,35352197,35352198,35352199,35352200,35352201,35352202,35352203,35352204,35352205,35352206,35352207,35352208,35352209,35352210,35352211,35352212,35352213,35352214,35352215,35352216,35352217,35352218,35352219,35352220,35352221,35352222,35352223,35352224,35352225,35352226,35352227,35352228,35352229,35352230,35352231,35352232,35352233,35352234,35352235,35352236,35352237,35352238,35352239,35352240,35352241,35352242,35352243,35352244,35352245,35352246,35352247,35352248,35352249,35352250,35352251,35352252,35352253,35352254,35352255,35352256,35352257,35352258,35352259,35352260,35352261,35352262,35352263,35352264,35352265,35352266,35352267,35352268,35352269,35352270,35352271,35352272,35352273,35352274,35352275,35352276,35352277,35352278,35352279,35352280,35352281,35352282,35352283,35352284,35352285,35352286,35352287,35352288,35352289,35352290,35352291,35352292,35352293,35352294,35352295,35352296,35352297,35352298,35352299,35352300,35352301,35352302,35352303,35352304,35352305,35352306,35352307,35352308,35352309,35352310,35352311,35352312,35352313,35352314,35352315,35352316,35352317,35352318,35352319,35352320,35352321,35352322,35352323,35352324,35352325,35352326,35352327,35352328,35352329,35352330,35352331,35352332,35352333,35352334,35352335,35352336,35352337,35352338,35352339,35352340,35352341,35352342,35352343,35352344,35352345,35352346,35352347,35352348,35352349,35352350,35352351,35352352,35352353,35352354,35352355,35352356,35352357,35352358,35352359,35352360,35352361,35352362,35352363,35352364,35352365,35352366,35352367,35352368,35352369,35352370,35352371,35352372,35352373,35352374,35352375,35352376,35352377,35352378,35352379,35352380,35352381,35352382,35352383,35352384,35352385,35352386,35352387,35352388,35352389,35352390,35352391,35352392,35352393,35352394,35352395,35352396,35352397,35352398,35352399,35352400,35352401,35352402,35352403,35352404,35352405,35352406,35352407,35352408,35352409,35352410,35352411,35352412,35352413,35352414,35352415,35352416,35352417,35352418,35352419,35352420,35352421,35352422,35352423,35352424,35352425,35352426,35352427,35352428,35352429,35352430,35352431,35352432,35352433,35352434,35352435,35352436,35352437,35352438,35352439,35352440,35352441,35352442,35352443,35352444,35352445,35352446,35352447,35352448,35352449,35352450,35352451,35352452,35352453,35352454,35352455,35352456,35352457,35352458,35352459,35352460,35352461,35352462,35352463,35352464,35352465,35352466,35352467,35352468,35352469,35352470,35352471,35352472,35352473,35352474,35352475,35352476,35352477,35352478,35352479,35352480,35352481,35352482,35352483,35352484,35352485,35352486,35352487,35352488,35352489,35352490,35352491,35352492,35352493,35352494,35352495,35352496,35352497,35352498,35352499,35352500,35352501,35352502,35352503,35352504,35352505,35352506,35352507,35352508,35352509,35352510,35352511,35352512,35352513,35352514,35352515,35352516,35352517,35352518,35352519,35352520,35352521,35352522,35352523,35352524,35352525,35352526,35352527,35352528,35352529,35352530,35352531,35352532,35352533,35352534,35352535,35352536,35352537,35352538,35352539,35352540,35352541,35352542,35352543,35352544,35352545,35352546,35352547,35352548,35352549,35352550,35352551,35352552,35352553,35352554,35352555,35352556,35352557,35352558,35352559,35352560,35352561,35352562,35352563,35352564,35352565,35352566,35352567,35352568,35352569,35352570,35352571,35352572,35352573,35352574,35352575,35352576,35352577,35352578,35352579,35352580,35352581,35352582,35352583,35352584,35352585,35352586,35352587,35352588,35352589,35352590,35352591,35352592,35352593,35352594,35352595,35352596,35352597,35352598,35352599,35352600,35352601,35352602,35352603,35352604,35352605,35352606,35352607,35352608,35352609,35352610,35352611,35352612,35352613,35352614,35352615,35352616,35352617,35352618,35352619,35352620,35352621,35352622,35352623,35352624,35352625,35352626,35352627,35352628,35352629,35352630,35352631,35352632,35352633,35352634,35352635,35352636,35352637,35352638,35352639,35352640,35352641,35352642,35352643,35352644,35352645,35352646,35352647,35352648,35352649,35352650,35352651,35352652,35352653,35352654,35352655,35352656,35352657,35352658,35352659,35352660,35352661,35352662,35352663,35352664,35352665,35352666,35352667,35352668,35352669,35352670,35352671,35352672,35352673,35352674,35352675,35352676,35352677,35352678,35352679,35352680,35352681,35352682,35352683,35352684,35352685,35352686,35352687,35352688,35352689,35352690,35352691,35352692,35352693,35352694,35352695,35352696,35352697,35352698,35352699,35352700,35352701,35352702,35352703,35352704,35352705,35352706,35352707,35352708,35352709,35352710,35352711,35352712,35352713,35352714,35352715,35352716,35352717,35352718,35352719,35352720,35352721,35352722,35352723,35352724,35352725,35352726,35352727,35352728,35352729,35352730,35352731,35352732,35352733,35352734,35352735,35352736,35352737,35352738,35352739,35352740,35352741,35352742,35352743,35352744,35352745,35352746,35352747,35352748,35352749,35352750,35352751,35352752,35352753,35352754,35352755,35352756,35352757,35352758,35352759,35352760,35352761,35352762,35352763,35352764,35352765,35352766,35352767,35352768,35352769,35352770,35352771,35352772,35352773,35352774,35352775,35352776,35352777,35352778,35352779,35352780,35352781,35352782,35352783,35352784,35352785,35352786,35352787,35352788,35352789,35352790,35352791,35352792,35352793,35352794,35352795,35352796,35352797,35352798,35352799,35352800,35352801,35352802,35352803,35352804,35352805,35352806,35352807,35352808,35352809,35352810,35352811,35352812,35352813,35352814,35352815,35352816,35352817,35352818,35352819,35352820,35352821,35352822,35352823,35352824,35352825,35352826,35352827,35352828,35352829,35352830,35352831,35352832,35352833,35352834,35352835,35352836,35352837,35352838,35352839,35352840,35352841,35352842,35352843,35352844,35352845,35352846,35352847,35352848,35352849,35352850,35352851,35352852,35352853,35352854,35352855,35352856,35352857,35352858,35352859,35352860,35352861,35352862,35352863,35352864,35352865,35352866,35352867,35352868,35352869,35352870,35352871,35352872,35352873,35352874,35352875,35352876,35352877,35352878,35352879,35352880,35352881,35352882,35352883,35352884,35352885,35352886,35352887,35352888,35352889,35352890,35352891,35352892,35352893,35352894,35352895,35352896,35352897,35352898,35352899,35352900,35352901,35352902,35352903,35352904,35352905,35352906,35352907,35352908,35352909,35352910,35352911,35352912,35352913,35352914,35352915,35352916,35352917,35352918,35352919,35352920,35352921,35352922,35352923,35352924,35352925,35352926,35352927,35352928,35352929,35352930,35352931,35352932,35352933,35352934,35352935,35352936,35352937,35352938,35352939,35352940,35352941,35352942,35352943,35352944,35352945,35352946,35352947,35352948,35352949,35352950,35352951,35352952,35352953,35352954,35352955,35352956,35352957,35352958,35352959,35352960,35352961,35352962,35352963,35352964,35352965,35352966,35352967,35352968,35352969,35352970,35352971,35352972,35352973,35352974,35352975,35352976,35352977,35352978,35352979,35352980,35352981,35352982,35352983,35352984,35352985,35352986,35352987,35352988,35352989,35352990,35352991,35352992,35352993,35352994,35352995,35352996,35352997,35352998,35352999,35353000,35353001,35353002,35353003,35353004,35353005,35353006,35353007,35353008,35353009,35353010,35353011,35353012,35353013,35353014,35353015,35353016,35353017,35353018,35353019,35353020,35353021,35353022,35353023,35353024,35353025,35353026,35353027,35353028,35353029,35353030,35353031,35353032,35353033,35353034,35353035,35353036,35353037,35353038,35353039,35353040,35353041,35353042,35353043,35353044,35353045,35353046,35353047,35353048,35353049,35353050,35353051,35353052,35353053,35353054,35353055,35353056,35353057,35353058,35353059,35353060,35353061,35353062,35353063,35353064,35353065,35353066,35353067,35353068,35353069,35353070,35353071,35353072,35353073,35353074,35353075,35353076,35353077,35353078,35353079,35353080,35353081,35353082,35353083,35353084,35353085,35353086,35353087,35353088,35353089,35353090,35353091,35353092,35353093,35353094,35353095,35353096,35353097,35353098,35353099,35353100,35353101,35353102,35353103,35353104,35353105,35353106,35353107,35353108,35353109,35353110,35353111,35353112,35353113,35353114,35353115,35353116,35353117,35353118,35353119,35353120,35353121,35353122,35353123,35353124,35353125,35353126,35353127,35353128,35353129,35353130,35353131,35353132,35353133,35353134,35353135,35353136,35353137,35353138,35353139,35353140,35353141,35353142,35353143,35353144,35353145,35353146,35353147,35353148,35353149,35353150,35353151,35353152,35353153,35353154,35353155,35353156,35353157,35353158,35353159,35353160,35353161,35353162,35353163,35353164,35353165,35353166,35353167,35353168,35353169,35353170,35353171,35353172,35353173,35353174,35353175,35353176,35353177,35353178,35353179,35353180,35353181,35353182,35353183,35353184,35353185,35353186,35353187,35353188,35353189,35353190,35353191,35353192,35353193,35353194,35353195,35353196,35353197,35353198,35353199,35353200,35353201,35353202,35353203,35353204,35353205,35353206,35353207,35353208,35353209,35353210,35353211,35353212,35353213,35353214,35353215,35353216,35353217,35353218,35353219,35353220,35353221,35353222,35353223,35353224,35353225,35353226,35353227,35353228,35353229,35353230,35353231,35353232,35353233,35353234,35353235,35353236,35353237,35353238,35353239,35353240,35353241,35353242,35353243,35353244,35353245,35353246,35353247,35353248,35353249,35353250,35353251,35353252,35353253,35353254,35353255,35353256,35353257,35353258,35353259,35353260,35353261,35353262,35353263,35353264,35353265,35353266,35353267,35353268,35353269,35353270,35353271,35353272,35353273,35353274,35353275,35353276,35353277,35353278,35353279,35353280,35353281,35353282,35353283,35353284,35353285,35353286,35353287,35353288,35353289,35353290,35353291,35353292,35353293,35353294,35353295,35353296,35353297,35353298,35353299,35353300,35353301,35353302,35353303,35353304,35353305,35353306,35353307,35353308,35353309,35353310,35353311,35353312,35353313,35353314,35353315,35353316,35353317,35353318,35353319,35353320,35353321,35353322,35353323,35353324,35353325,35353326,35353327,35353328,35353329,35353330,35353331,35353332,35353333,35353334,35353335,35353336,35353337,35353338,35353339,35353340,35353341,35353342,35353343,35353344,35353345,35353346,35353347,35353348,35353349,35353350,35353351,35353352,35353353,35353354,35353355,35353356,35353357,35353358,35353359,35353360,35353361,35353362,35353363,35353364,35353365,35353366,35353367,35353368,35353369,35353370,35353371,35353372,35353373,35353374,35353375,35353376,35353377,35353378,35353379,35353380,35353381,35353382,35353383,35353384,35353385,35353386,35353387,35353388,35353389,35353390,35353391,35353392,35353393,35353394,35353395,35353396,35353397,35353398,35353399,35353400,35353401,35353402,35353403,35353404,35353405,35353406,35353407,35353408,35353409,35353410,35353411,35353412,35353413,35353414,35353415,35353416,35353417,35353418,35353419,35353420,35353421,35353422,35353423,35353424,35353425,35353426,35353427,35353428,35353429,35353430,35353431,35353432,35353433,35353434,35353435,35353436,35353437,35353438,35353439,35353440,35353441,35353442,35353443,35353444,35353445,35353446,35353447,35353448,35353449,35353450,35353451,35353452,35353453,35353454,35353455,35353456,35353457,35353458,35353459,35353460,35353461,35353462,35353463,35353464,35353465,35353466,35353467,35353468,35353469,35353470,35353471,35353472,35353473,35353474,35353475,35353476,35353477,35353478,35353479,35353480,35353481,35353482,35353483,35353484,35353485,35353486,35353487,35353488,35353489,35353490,35353491,35353492,35353493,35353494,35353495,35353496,35353497,35353498,35353499,35353500,35353501,35353502,35353503,35353504,35353505,35353506,35353507,35353508,35353509,35353510,35353511,35353512,35353513,35353514,35353515,35353516,35353517,35353518,35353519,35353520,35353521,35353522,35353523,35353524,35353525,35353526,35353527,35353528,35353529,35353530,35353531,35353532,35353533,35353534,35353535,35353536,35353537,35353538,35353539,35353540,35353541,35353542,35353543,35353544,35353545,35353546,35353547,35353548,35353549,35353550,35353551,35353552,35353553,35353554,35353555,35353556,35353557,35353558,35353559,35353560,35353561,35353562,35353563,35353564,35353565,35353566,35353567,35353568,35353569,35353570,35353571,35353572,35353573,35353574,35353575,35353576,35353577,35353578,35353579,35353580,35353581,35353582,35353583,35353584,35353585,35353586,35353587,35353588,35353589,35353590,35353591,35353592,35353593,35353594,35353595,35353596,35353597,35353598,35353599,35353600,35353601,35353602,35353603,35353604,35353605,35353606,35353607,35353608,35353609,35353610,35353611,35353612,35353613,35353614,35353615,35353616,35353617,35353618,35353619,35353620,35353621,35353622,35353623,35353624,35353625,35353626,35353627,35353628,35353629,35353630,35353631,35353632,35353633,35353634,35353635,35353636,35353637,35353638,35353639,35353640,35353641,35353642,35353643,35353644,35353645,35353646,35353647,35353648,35353649,35353650,35353651,35353652,35353653,35353654,35353655,35353656,35353657,35353658,35353659,35353660,35353661,35353662,35353663,35353664,35353665,35353666,35353667,35353668,35353669,35353670,35353671,35353672,35353673,35353674,35353675,35353676,35353677,35353678,35353679,35353680,35353681,35353682,35353683,35353684,35353685,35353686,35353687,35353688,35353689,35353690,35353691,35353692,35353693,35353694,35353695,35353696,35353697,35353698,35353699,35353700,35353701,35353702,35353703,35353704,35353705,35353706,35353707,35353708,35353709,35353710,35353711,35353712,35353713,35353714,35353715,35353716,35353717,35353718,35353719,35353720,35353721,35353722,35353723,35353724,35353725,35353726,35353727,35353728,35353729,35353730,35353731,35353732,35353733,35353734,35353735,35353736,35353737,35353738,35353739,35353740,35353741,35353742,35353743,35353744,35353745,35353746,35353747,35353748,35353749,35353750,35353751,35353752,35353753,35353754,35353755,35353756,35353757,35353758,35353759,35353760,35353761,35353762,35353763,35353764,35353765,35353766,35353767,35353768,35353769,35353770,35353771,35353772,35353773,35353774,35353775,35353776,35353777,35353778,35353779,35353780,35353781,35353782,35353783,35353784,35353785,35353786,35353787,35353788,35353789,35353790,35353791,35353792,35353793,35353794,35353795,35353796,35353797,35353798,35353799,35353800,35353801,35353802,35353803,35353804,35353805,35353806,35353807,35353808,35353809,35353810,35353811,35353812,35353813,35353814,35353815,35353816,35353817,35353818,35353819,35353820,35353821,35353822,35353823,35353824,35353825,35353826,35353827,35353828,35353829,35353830,35353831,35353832,35353833,35353834,35353835,35353836,35353837,35353838,35353839,35353840,35353841,35353842,35353843,35353844,35353845,35353846,35353847,35353848,35353849,35353850,35353851,35353852,35353853,35353854,35353855,35353856,35353857,35353858,35353859,35353860,35353861,35353862,35353863,35353864,35353865,35353866,35353867,35353868,35353869,35353870,35353871,35353872,35353873,35353874,35353875,35353876,35353877,35353878,35353879,35353880,35353881,35353882,35353883,35353884,35353885,35353886,35353887,35353888,35353889,35353890,35353891,35353892,35353893,35353894,35353895,35353896,35353897,35353898,35353899,35353900,35353901,35353902,35353903,35353904,35353905,35353906,35353907,35353908,35353909,35353910,35353911,35353912,35353913,35353914,35353915,35353916,35353917,35353918,35353919,35353920,35353921,35353922,35353923,35353924,35353925,35353926,35353927,35353928,35353929,35353930,35353931,35353932,35353933,35353934,35353935,35353936,35353937,35353938,35353939,35353940,35353941,35353942,35353943,35353944,35353945,35353946,35353947,35353948,35353949,35353950,35353951,35353952,35353953,35353954,35353955,35353956,35353957,35353958,35353959,35353960,35353961,35353962,35353963,35353964,35353965,35353966,35353967,35353968,35353969,35353970,35353971,35353972,35353973,35353974,35353975,35353976,35353977,35353978,35353979,35353980,35353981,35353982,35353983,35353984,35353985,35353986,35353987,35353988,35353989,35353990,35353991,35353992,35353993,35353994,35353995,35353996,35353997,35353998,35353999,35354000,35354001,35354002,35354003,35354004,35354005,35354006,35354007,35354008,35354009,35354010,35354011,35354012,35354013,35354014,35354015,35354016,35354017,35354018,35354019,35354020,35354021,35354022,35354023,35354024,35354025,35354026,35354027,35354028,35354029,35354030,35354031,35354032,35354033,35354034,35354035,35354036,35354037,35354038,35354039,35354040,35354041,35354042,35354043,35354044,35354045,35354046,35354047,35354048,35354049,35354050,35354051,35354052,35354053,35354054,35354055,35354056,35354057,35354058,35354059,35354060,35354061,35354062,35354063,35354064,35354065,35354066,35354067,35354068,35354069,35354070,35354071,35354072,35354073,35354074,35354075,35354076,35354077,35354078,35354079,35354080,35354081,35354082,35354083,35354084,35354085,35354086,35354087,35354088,35354089,35354090,35354091,35354092,35354093,35354094,35354095,35354096,35354097,35354098,35354099,35354100,35354101,35354102,35354103,35354104,35354105,35354106,35354107,35354108,35354109,35354110,35354111,35354112,35354113,35354114,35354115,35354116,35354117,35354118,35354119,35354120,35354121,35354122,35354123,35354124,35354125,35354126,35354127,35354128,35354129,35354130,35354131,35354132,35354133,35354134,35354135,35354136,35354137,35354138,35354139,35354140,35354141,35354142,35354143,35354144,35354145,35354146,35354147,35354148,35354149,35354150,35354151,35354152,35354153,35354154,35354155,35354156,35354157,35354158,35354159,35354160,35354161,35354162,35354163,35354164,35354165,35354166,35354167,35354168,35354169,35354170,35354171,35354172,35354173,35354174,35354175,35354176,35354177,35354178,35354179,35354180,35354181,35354182,35354183,35354184,35354185,35354186,35354187,35354188,35354189,35354190,35354191,35354192,35354193,35354194,35354195,35354196,35354197,35354198,35354199,35354200,35354201,35354202,35354203,35354204,35354205,35354206,35354207,35354208,35354209,35354210,35354211,35354212,35354213,35354214,35354215,35354216,35354217,35354218,35354219,35354220,35354221,35354222,35354223,35354224,35354225,35354226,35354227,35354228,35354229,35354230,35354231,35354232,35354233,35354234,35354235,35354236,35354237,35354238,35354239,35354240,35354241,35354242,35354243,35354244,35354245,35354246,35354247,35354248,35354249,35354250,35354251,35354252,35354253,35354254,35354255,35354256,35354257,35354258,35354259,35354260,35354261,35354262,35354263,35354264,35354265,35354266,35354267,35354268,35354269,35354270,35354271,35354272,35354273,35354274,35354275,35354276,35354277,35354278,35354279,35354280,35354281,35354282,35354283,35354284,35354285,35354286,35354287,35354288,35354289,35354290,35354291,35354292,35354293,35354294,35354295,35354296,35354297,35354298,35354299,35354300,35354301,35354302,35354303,35354304,35354305,35354306,35354307,35354308,35354309,35354310,35354311,35354312,35354313,35354314,35354315,35354316,35354317,35354318,35354319,35354320,35354321,35354322,35354323,35354324,35354325,35354326,35354327,35354328,35354329,35354330,35354331,35354332,35354333,35354334,35354335,35354336,35354337,35354338,35354339,35354340,35354341,35354342,35354343,35354344,35354345,35354346,35354347,35354348,35354349,35354350,35354351,35354352,35354353,35354354,35354355,35354356,35354357,35354358,35354359,35354360,35354361,35354362,35354363,35354364,35354365,35354366,35354367,35354368,35354369,35354370,35354371,35354372,35354373,35354374,35354375,35354376,35354377,35354378,35354379,35354380,35354381,35354382,35354383,35354384,35354385,35354386,35354387,35354388,35354389,35354390,35354391,35354392,35354393,35354394,35354395,35354396,35354397,35354398,35354399,35354400,35354401,35354402,35354403,35354404,35354405,35354406,35354407,35354408,35354409,35354410,35354411,35354412,35354413,35354414,35354415,35354416,35354417,35354418,35354419,35354420,35354421,35354422,35354423,35354424,35354425,35354426,35354427,35354428,35354429,35354430,35354431,35354432,35354433,35354434,35354435,35354436,35354437,35354438,35354439,35354440,35354441,35354442,35354443,35354444,35354445,35354446,35354447,35354448,35354449,35354450,35354451,35354452,35354453,35354454,35354455,35354456,35354457,35354458,35354459,35354460,35354461,35354462,35354463,35354464,35354465,35354466,35354467,35354468,35354469,35354470,35354471,35354472,35354473,35354474,35354475,35354476,35354477,35354478,35354479,35354480,35354481,35354482,35354483,35354484,35354485,35354486,35354487,35354488,35354489,35354490,35354491,35354492,35354493,35354494,35354495,35354496,35354497,35354498,35354499,35354500,35354501,35354502,35354503,35354504,35354505,35354506,35354507,35354508,35354509,35354510,35354511,35354512,35354513,35354514,35354515,35354516,35354517,35354518,35354519,35354520,35354521,35354522,35354523,35354524,35354525,35354526,35354527,35354528,35354529,35354530,35354531,35354532,35354533,35354534,35354535,35354536,35354537,35354538,35354539,35354540,35354541,35354542,35354543,35354544,35354545,35354546,35354547,35354548,35354549,35354550,35354551,35354552,35354553,35354554,35354555,35354556,35354557,35354558,35354559,35354560,35354561,35354562,35354563,35354564,35354565,35354566,35354567,35354568,35354569,35354570,35354571,35354572,35354573,35354574,35354575,35354576,35354577,35354578,35354579,35354580,35354581,35354582,35354583,35354584,35354585,35354586,35354587,35354588,35354589,35354590,35354591,35354592,35354593,35354594,35354595,35354596,35354597,35354598,35354599,35354600,35354601,35354602,35354603,35354604,35354605,35354606,35354607,35354608,35354609,35354610,35354611,35354612,35354613,35354614,35354615,35354616,35354617,35354618,35354619,35354620,35354621,35354622,35354623,35354624,35354625,35354626,35354627,35354628,35354629,35354630,35354631,35354632,35354633,35354634,35354635,35354636,35354637,35354638,35354639,35354640,35354641,35354642,35354643,35354644,35354645,35354646,35354647,35354648,35354649,35354650,35354651,35354652,35354653,35354654,35354655,35354656,35354657,35354658,35354659,35354660,35354661,35354662,35354663,35354664,35354665,35354666,35354667,35354668,35354669,35354670,35354671,35354672,35354673,35354674,35354675,35354676,35354677,35354678,35354679,35354680,35354681,35354682,35354683,35354684,35354685,35354686,35354687,35354688,35354689,35354690,35354691,35354692,35354693,35354694,35354695,35354696,35354697,35354698,35354699,35354700,35354701,35354702,35354703,35354704,35354705,35354706,35354707,35354708,35354709,35354710,35354711,35354712,35354713,35354714,35354715,35354716,35354717,35354718,35354719,35354720,35354721,35354722,35354723,35354724,35354725,35354726,35354727,35354728,35354729,35354730,35354731,35354732,35354733,35354734,35354735,35354736,35354737,35354738,35354739,35354740,35354741,35354742,35354743,35354744,35354745,35354746,35354747,35354748,35354749,35354750,35354751,35354752,35354753,35354754,35354755,35354756,35354757,35354758,35354759,35354760,35354761,35354762,35354763,35354764,35354765,35354766,35354767,35354768,35354769,35354770,35354771,35354772,35354773,35354774,35354775,35354776,35354777,35354778,35354779,35354780,35354781,35354782,35354783,35354784,35354785,35354786,35354787,35354788,35354789,35354790,35354791,35354792,35354793,35354794,35354795,35354796,35354797,35354798,35354799,35354800,35354801,35354802,35354803,35354804,35354805,35354806,35354807,35354808,35354809,35354810,35354811,35354812,35354813,35354814,35354815,35354816,35354817,35354818,35354819,35354820,35354821,35354822,35354823,35354824,35354825,35354826,35354827,35354828,35354829,35354830,35354831,35354832,35354833,35354834,35354835,35354836,35354837,35354838,35354839,35354840,35354841,35354842,35354843,35354844,35354845,35354846,35354847,35354848,35354849,35354850,35354851,35354852,35354853,35354854,35354855,35354856,35354857,35354858,35354859,35354860,35354861,35354862,35354863,35354864,35354865,35354866,35354867,35354868,35354869,35354870,35354871,35354872,35354873,35354874,35354875,35354876,35354877,35354878,35354879,35354880,35354881,35354882,35354883,35354884,35354885,35354886,35354887,35354888,35354889,35354890,35354891,35354892,35354893,35354894,35354895,35354896,35354897,35354898,35354899,35354900,35354901,35354902,35354903,35354904,35354905,35354906,35354907,35354908,35354909,35354910,35354911,35354912,35354913,35354914,35354915,35354916,35354917,35354918,35354919,35354920,35354921,35354922,35354923,35354924,35354925,35354926,35354927,35354928,35354929,35354930,35354931,35354932,35354933,35354934,35354935,35354936,35354937,35354938,35354939,35354940,35354941,35354942,35354943,35354944,35354945,35354946,35354947,35354948,35354949,35354950,35354951,35354952,35354953,35354954,35354955,35354956,35354957,35354958,35354959,35354960,35354961,35354962,35354963,35354964,35354965,35354966,35354967,35354968,35354969,35354970,35354971,35354972,35354973,35354974,35354975,35354976,35354977,35354978,35354979,35354980,35354981,35354982,35354983,35354984,35354985,35354986,35354987,35354988,35354989,35354990,35354991,35354992,35354993,35354994,35354995,35354996,35354997,35354998,35354999,35355000,35355001,35355002,35355003,35355004,35355005,35355006,35355007,35355008,35355009,35355010,35355011,35355012,35355013,35355014,35355015,35355016,35355017,35355018,35355019,35355020,35355021,35355022,35355023,35355024,35355025,35355026,35355027,35355028,35355029,35355030,35355031,35355032,35355033,35355034,35355035,35355036,35355037,35355038,35355039,35355040,35355041,35355042,35355043,35355044,35355045,35355046,35355047,35355048,35355049,35355050,35355051,35355052,35355053,35355054,35355055,35355056,35355057,35355058,35355059,35355060,35355061,35355062,35355063,35355064,35355065,35355066,35355067,35355068,35355069,35355070,35355071,35355072,35355073,35355074,35355075,35355076,35355077,35355078,35355079,35355080,35355081,35355082,35355083,35355084,35355085,35355086,35355087,35355088,35355089,35355090,35355091,35355092,35355093,35355094,35355095,35355096,35355097,35355098,35355099,35355100,35355101,35355102,35355103,35355104,35355105,35355106,35355107,35355108,35355109,35355110,35355111,35355112,35355113,35355114,35355115,35355116,35355117,35355118,35355119,35355120,35355121,35355122,35355123,35355124,35355125,35355126,35355127,35355128,35355129,35355130,35355131,35355132,35355133,35355134,35355135,35355136,35355137,35355138,35355139,35355140,35355141,35355142,35355143,35355144,35355145,35355146,35355147,35355148,35355149,35355150,35355151,35355152,35355153,35355154,35355155,35355156,35355157,35355158,35355159,35355160,35355161,35355162,35355163,35355164,35355165,35355166,35355167,35355168,35355169,35355170,35355171,35355172,35355173,35355174,35355175,35355176,35355177,35355178,35355179,35355180,35355181,35355182,35355183,35355184,35355185,35355186,35355187,35355188,35355189,35355190,35355191,35355192,35355193,35355194,35355195,35355196,35355197,35355198,35355199,35355200,35355201,35355202,35355203,35355204,35355205,35355206,35355207,35355208,35355209,35355210,35355211,35355212,35355213,35355214,35355215,35355216,35355217,35355218,35355219,35355220,35355221,35355222,35355223,35355224,35355225,35355226,35355227,35355228,35355229,35355230,35355231,35355232,35355233,35355234,35355235,35355236,35355237,35355238,35355239,35355240,35355241,35355242,35355243,35355244,35355245,35355246,35355247,35355248,35355249,35355250,35355251,35355252,35355253,35355254,35355255,35355256,35355257,35355258,35355259,35355260,35355261,35355262,35355263,35355264,35355265,35355266,35355267,35355268,35355269,35355270,35355271,35355272,35355273,35355274,35355275,35355276,35355277,35355278,35355279,35355280,35355281,35355282,35355283,35355284,35355285,35355286,35355287,35355288,35355289,35355290,35355291,35355292,35355293,35355294,35355295,35355296,35355297,35355298,35355299,35355300,35355301,35355302,35355303,35355304,35355305,35355306,35355307,35355308,35355309,35355310,35355311,35355312,35355313,35355314,35355315,35355316,35355317,35355318,35355319,35355320,35355321,35355322,35355323,35355324,35355325,35355326,35355327,35355328,35355329,35355330,35355331,35355332,35355333,35355334,35355335,35355336,35355337,35355338,35355339,35355340,35355341,35355342,35355343,35355344,35355345,35355346,35355347,35355348,35355349,35355350,35355351,35355352,35355353,35355354,35355355,35355356,35355357,35355358,35355359,35355360,35355361,35355362,35355363,35355364,35355365,35355366,35355367,35355368,35355369,35355370,35355371,35355372,35355373,35355374,35355375,35355376,35355377,35355378,35355379,35355380,35355381,35355382,35355383,35355384,35355385,35355386,35355387,35355388,35355389,35355390,35355391,35355392,35355393,35355394,35355395,35355396,35355397,35355398,35355399,35355400,35355401,35355402,35355403,35355404,35355405,35355406,35355407,35355408,35355409,35355410,35355411,35355412,35355413,35355414,35355415,35355416,35355417,35355418,35355419,35355420,35355421,35355422,35355423,35355424,35355425,35355426,35355427,35355428,35355429,35355430,35355431,35355432,35355433,35355434,35355435,35355436,35355437,35355438,35355439,35355440,35355441,35355442,35355443,35355444,35355445,35355446,35355447,35355448,35355449,35355450,35355451,35355452,35355453,35355454,35355455,35355456,35355457,35355458,35355459,35355460,35355461,35355462,35355463,35355464,35355465,35355466,35355467,35355468,35355469,35355470,35355471,35355472,35355473,35355474,35355475,35355476,35355477,35355478,35355479,35355480,35355481,35355482,35355483,35355484,35355485,35355486,35355487,35355488,35355489,35355490,35355491,35355492,35355493,35355494,35355495,35355496,35355497,35355498,35355499,35355500,35355501,35355502,35355503,35355504,35355505,35355506,35355507,35355508,35355509,35355510,35355511,35355512,35355513,35355514,35355515,35355516,35355517,35355518,35355519,35355520,35355521,35355522,35355523,35355524,35355525,35355526,35355527,35355528,35355529,35355530,35355531,35355532,35355533,35355534,35355535,35355536,35355537,35355538,35355539,35355540,35355541,35355542,35355543,35355544,35355545,35355546,35355547,35355548,35355549,35355550,35355551,35355552,35355553,35355554,35355555,35355556,35355557,35355558,35355559,35355560,35355561,35355562,35355563,35355564,35355565,35355566,35355567,35355568,35355569,35355570,35355571,35355572,35355573,35355574,35355575,35355576,35355577,35355578,35355579,35355580,35355581,35355582,35355583,35355584,35355585,35355586,35355587,35355588,35355589,35355590,35355591,35355592,35355593,35355594,35355595,35355596,35355597,35355598,35355599,35355600,35355601,35355602,35355603,35355604,35355605,35355606,35355607,35355608,35355609,35355610,35355611,35355612,35355613,35355614,35355615,35355616,35355617,35355618,35355619,35355620,35355621,35355622,35355623,35355624,35355625,35355626,35355627,35355628,35355629,35355630,35355631,35355632,35355633,35355634,35355635,35355636,35355637,35355638,35355639,35355640,35355641,35355642,35355643,35355644,35355645,35355646,35355647,35355648,35355649,35355650,35355651,35355652,35355653,35355654,35355655,35355656,35355657,35355658,35355659,35355660,35355661,35355662,35355663,35355664,35355665,35355666,35355667,35355668,35355669,35355670,35355671,35355672,35355673,35355674,35355675,35355676,35355677,35355678,35355679,35355680,35355681,35355682,35355683,35355684,35355685,35355686,35355687,35355688,35355689,35355690,35355691,35355692,35355693,35355694,35355695,35355696,35355697,35355698,35355699,35355700,35355701,35355702,35355703,35355704,35355705,35355706,35355707,35355708,35355709,35355710,35355711,35355712,35355713,35355714,35355715,35355716,35355717,35355718,35355719,35355720,35355721,35355722,35355723,35355724,35355725,35355726,35355727,35355728,35355729,35355730,35355731,35355732,35355733,35355734,35355735,35355736,35355737,35355738,35355739,35355740,35355741,35355742,35355743,35355744,35355745,35355746,35355747,35355748,35355749,35355750,35355751,35355752,35355753,35355754,35355755,35355756,35355757,35355758,35355759,35355760,35355761,35355762,35355763,35355764,35355765,35355766,35355767,35355768,35355769,35355770,35355771,35355772,35355773,35355774,35355775,35355776,35355777,35355778,35355779,35355780,35355781,35355782,35355783,35355784,35355785,35355786,35355787,35355788,35355789,35355790,35355791,35355792,35355793,35355794,35355795,35355796,35355797,35355798,35355799,35355800,35355801,35355802,35355803,35355804,35355805,35355806,35355807,35355808,35355809,35355810,35355811,35355812,35355813,35355814,35355815,35355816,35355817,35355818,35355819,35355820,35355821,35355822,35355823,35355824,35355825,35355826,35355827,35355828,35355829,35355830,35355831,35355832,35355833,35355834,35355835,35355836,35355837,35355838,35355839,35355840,35355841,35355842,35355843,35355844,35355845,35355846,35355847,35355848,35355849,35355850,35355851,35355852,35355853,35355854,35355855,35355856,35355857,35355858,35355859,35355860,35355861,35355862,35355863,35355864,35355865,35355866,35355867,35355868,35355869,35355870,35355871,35355872,35355873,35355874,35355875,35355876,35355877,35355878,35355879,35355880,35355881,35355882,35355883,35355884,35355885,35355886,35355887,35355888,35355889,35355890,35355891,35355892,35355893,35355894,35355895,35355896,35355897,35355898,35355899,35355900,35355901,35355902,35355903,35355904,35355905,35355906,35355907,35355908,35355909,35355910,35355911,35355912,35355913,35355914,35355915,35355916,35355917,35355918,35355919,35355920,35355921,35355922,35355923,35355924,35355925,35355926,35355927,35355928,35355929,35355930,35355931,35355932,35355933,35355934,35355935,35355936,35355937,35355938,35355939,35355940,35355941,35355942,35355943,35355944,35355945,35355946,35355947,35355948,35355949,35355950,35355951,35355952,35355953,35355954,35355955,35355956,35355957,35355958,35355959,35355960,35355961,35355962,35355963,35355964,35355965,35355966,35355967,35355968,35355969,35355970,35355971,35355972,35355973,35355974,35355975,35355976,35355977,35355978,35355979,35355980,35355981,35355982,35355983,35355984,35355985,35355986,35355987,35355988,35355989,35355990,35355991,35355992,35355993,35355994,35355995,35355996,35355997,35355998,35355999,35356000,35356001,35356002,35356003,35356004,35356005,35356006,35356007,35356008,35356009,35356010,35356011,35356012,35356013,35356014,35356015,35356016,35356017,35356018,35356019,35356020,35356021,35356022,35356023,35356024,35356025,35356026,35356027,35356028,35356029,35356030,35356031,35356032,35356033,35356034,35356035,35356036,35356037,35356038,35356039,35356040,35356041,35356042,35356043,35356044,35356045,35356046,35356047,35356048,35356049,35356050,35356051,35356052,35356053,35356054,35356055,35356056,35356057,35356058,35356059,35356060,35356061,35356062,35356063,35356064,35356065,35356066,35356067,35356068,35356069,35356070,35356071,35356072,35356073,35356074,35356075,35356076,35356077,35356078,35356079,35356080,35356081,35356082,35356083,35356084,35356085,35356086,35356087,35356088,35356089,35356090,35356091,35356092,35356093,35356094,35356095,35356096,35356097,35356098,35356099,35356100,35356101,35356102,35356103,35356104,35356105,35356106,35356107,35356108,35356109,35356110,35356111,35356112,35356113,35356114,35356115,35356116,35356117,35356118,35356119,35356120,35356121,35356122,35356123,35356124,35356125,35356126,35356127,35356128,35356129,35356130,35356131,35356132,35356133,35356134,35356135,35356136,35356137,35356138,35356139,35356140,35356141,35356142,35356143,35356144,35356145,35356146,35356147,35356148,35356149,35356150,35356151,35356152,35356153,35356154,35356155,35356156,35356157,35356158,35356159,35356160,35356161,35356162,35356163,35356164,35356165,35356166,35356167,35356168,35356169,35356170,35356171,35356172,35356173,35356174,35356175,35356176,35356177,35356178,35356179,35356180,35356181,35356182,35356183,35356184,35356185,35356186,35356187,35356188,35356189,35356190,35356191,35356192,35356193,35356194,35356195,35356196,35356197,35356198,35356199,35356200,35356201,35356202,35356203,35356204,35356205,35356206,35356207,35356208,35356209,35356210,35356211,35356212,35356213,35356214,35356215,35356216,35356217,35356218,35356219,35356220,35356221,35356222,35356223,35356224,35356225,35356226,35356227,35356228,35356229,35356230,35356231,35356232,35356233,35356234,35356235,35356236,35356237,35356238,35356239,35356240,35356241,35356242,35356243,35356244,35356245,35356246,35356247,35356248,35356249,35356250,35356251,35356252,35356253,35356254,35356255,35356256,35356257,35356258,35356259,35356260,35356261,35356262,35356263,35356264,35356265,35356266,35356267,35356268,35356269,35356270,35356271,35356272,35356273,35356274,35356275,35356276,35356277,35356278,35356279,35356280,35356281,35356282,35356283,35356284,35356285,35356286,35356287,35356288,35356289,35356290,35356291,35356292,35356293,35356294,35356295,35356296,35356297,35356298,35356299,35356300,35356301,35356302,35356303,35356304,35356305,35356306,35356307,35356308,35356309,35356310,35356311,35356312,35356313,35356314,35356315,35356316,35356317,35356318,35356319,35356320,35356321,35356322,35356323,35356324,35356325,35356326,35356327,35356328,35356329,35356330,35356331,35356332,35356333,35356334,35356335,35356336,35356337,35356338,35356339,35356340,35356341,35356342,35356343,35356344,35356345,35356346,35356347,35356348,35356349,35356350,35356351,35356352,35356353,35356354,35356355,35356356,35356357,35356358,35356359,35356360,35356361,35356362,35356363,35356364,35356365,35356366,35356367,35356368,35356369,35356370,35356371,35356372,35356373,35356374,35356375,35356376,35356377,35356378,35356379,35356380,35356381,35356382,35356383,35356384,35356385,35356386,35356387,35356388,35356389,35356390,35356391,35356392,35356393,35356394,35356395,35356396,35356397,35356398,35356399,35356400,35356401,35356402,35356403,35356404,35356405,35356406,35356407,35356408,35356409,35356410,35356411,35356412,35356413,35356414,35356415,35356416,35356417,35356418,35356419,35356420,35356421,35356422,35356423,35356424,35356425,35356426,35356427,35356428,35356429,35356430,35356431,35356432,35356433,35356434,35356435,35356436,35356437,35356438,35356439,35356440,35356441,35356442,35356443,35356444,35356445,35356446,35356447,35356448,35356449,35356450,35356451,35356452,35356453,35356454,35356455,35356456,35356457,35356458,35356459,35356460,35356461,35356462,35356463,35356464,35356465,35356466,35356467,35356468,35356469,35356470,35356471,35356472,35356473,35356474,35356475,35356476,35356477,35356478,35356479,35356480,35356481,35356482,35356483,35356484,35356485,35356486,35356487,35356488,35356489,35356490,35356491,35356492,35356493,35356494,35356495,35356496,35356497,35356498,35356499,35356500,35356501,35356502,35356503,35356504,35356505,35356506,35356507,35356508,35356509,35356510,35356511,35356512,35356513,35356514,35356515,35356516,35356517,35356518,35356519,35356520,35356521,35356522,35356523,35356524,35356525,35356526,35356527,35356528,35356529,35356530,35356531,35356532,35356533,35356534,35356535,35356536,35356537,35356538,35356539,35356540,35356541,35356542,35356543,35356544,35356545,35356546,35356547,35356548,35356549,35356550,35356551,35356552,35356553,35356554,35356555,35356556,35356557,35356558,35356559,35356560,35356561,35356562,35356563,35356564,35356565,35356566,35356567,35356568,35356569,35356570,35356571,35356572,35356573,35356574,35356575,35356576,35356577,35356578,35356579,35356580,35356581,35356582,35356583,35356584,35356585,35356586,35356587,35356588,35356589,35356590,35356591,35356592,35356593,35356594,35356595,35356596,35356597,35356598,35356599,35356600,35356601,35356602,35356603,35356604,35356605,35356606,35356607,35356608,35356609,35356610,35356611,35356612,35356613,35356614,35356615,35356616,35356617,35356618,35356619,35356620,35356621,35356622,35356623,35356624,35356625,35356626,35356627,35356628,35356629,35356630,35356631,35356632,35356633,35356634,35356635,35356636,35356637,35356638,35356639,35356640,35356641,35356642,35356643,35356644,35356645,35356646,35356647,35356648,35356649,35356650,35356651,35356652,35356653,35356654,35356655,35356656,35356657,35356658,35356659,35356660,35356661,35356662,35356663,35356664,35356665,35356666,35356667,35356668,35356669,35356670,35356671,35356672,35356673,35356674,35356675,35356676,35356677,35356678,35356679,35356680,35356681,35356682,35356683,35356684,35356685,35356686,35356687,35356688,35356689,35356690,35356691,35356692,35356693,35356694,35356695,35356696,35356697,35356698,35356699,35356700,35356701,35356702,35356703,35356704,35356705,35356706,35356707,35356708,35356709,35356710,35356711,35356712,35356713,35356714,35356715,35356716,35356717,35356718,35356719,35356720,35356721,35356722,35356723,35356724,35356725,35356726,35356727,35356728,35356729,35356730,35356731,35356732,35356733,35356734,35356735,35356736,35356737,35356738,35356739,35356740,35356741,35356742,35356743,35356744,35356745,35356746,35356747,35356748,35356749,35356750,35356751,35356752,35356753,35356754,35356755,35356756,35356757,35356758,35356759,35356760,35356761,35356762,35356763,35356764,35356765,35356766,35356767,35356768,35356769,35356770,35356771,35356772,35356773,35356774,35356775,35356776,35356777,35356778,35356779,35356780,35356781,35356782,35356783,35356784,35356785,35356786,35356787,35356788,35356789,35356790,35356791,35356792,35356793,35356794,35356795,35356796,35356797,35356798,35356799,35356800,35356801,35356802,35356803,35356804,35356805,35356806,35356807,35356808,35356809,35356810,35356811,35356812,35356813,35356814,35356815,35356816,35356817,35356818,35356819,35356820,35356821,35356822,35356823,35356824,35356825,35356826,35356827,35356828,35356829,35356830,35356831,35356832,35356833,35356834,35356835,35356836,35356837,35356838,35356839,35356840,35356841,35356842,35356843,35356844,35356845,35356846,35356847,35356848,35356849,35356850,35356851,35356852,35356853,35356854,35356855,35356856,35356857,35356858,35356859,35356860,35356861,35356862,35356863,35356864,35356865,35356866,35356867,35356868,35356869,35356870,35356871,35356872,35356873,35356874,35356875,35356876,35356877,35356878,35356879,35356880,35356881,35356882,35356883,35356884,35356885,35356886,35356887,35356888,35356889,35356890,35356891,35356892,35356893,35356894,35356895,35356896,35356897,35356898,35356899,35356900,35356901,35356902,35356903,35356904,35356905,35356906,35356907,35356908,35356909,35356910,35356911,35356912,35356913,35356914,35356915,35356916,35356917,35356918,35356919,35356920,35356921,35356922,35356923,35356924,35356925,35356926,35356927,35356928,35356929,35356930,35356931,35356932,35356933,35356934,35356935,35356936,35356937,35356938,35356939,35356940,35356941,35356942,35356943,35356944,35356945,35356946,35356947,35356948,35356949,35356950,35356951,35356952,35356953,35356954,35356955,35356956,35356957,35356958,35356959,35356960,35356961,35356962,35356963,35356964,35356965,35356966,35356967,35356968,35356969,35356970,35356971,35356972,35356973,35356974,35356975,35356976,35356977,35356978,35356979,35356980,35356981,35356982,35356983,35356984,35356985,35356986,35356987,35356988,35356989,35356990,35356991,35356992,35356993,35356994,35356995,35356996,35356997,35356998,35356999,35357000,35357001,35357002,35357003,35357004,35357005,35357006,35357007,35357008,35357009,35357010,35357011,35357012,35357013,35357014,35357015,35357016,35357017,35357018,35357019,35357020,35357021,35357022,35357023,35357024,35357025,35357026,35357027,35357028,35357029,35357030,35357031,35357032,35357033,35357034,35357035,35357036,35357037,35357038,35357039,35357040,35357041,35357042,35357043,35357044,35357045,35357046,35357047,35357048,35357049,35357050,35357051,35357052,35357053,35357054,35357055,35357056,35357057,35357058,35357059,35357060,35357061,35357062,35357063,35357064,35357065,35357066,35357067,35357068,35357069,35357070,35357071,35357072,35357073,35357074,35357075,35357076,35357077,35357078,35357079,35357080,35357081,35357082,35357083,35357084,35357085,35357086,35357087,35357088,35357089,35357090,35357091,35357092,35357093,35357094,35357095,35357096,35357097,35357098,35357099,35357100,35357101,35357102,35357103,35357104,35357105,35357106,35357107,35357108,35357109,35357110,35357111,35357112,35357113,35357114,35357115,35357116,35357117,35357118,35357119,35357120,35357121,35357122,35357123,35357124,35357125,35357126,35357127,35357128,35357129,35357130,35357131,35357132,35357133,35357134,35357135,35357136,35357137,35357138,35357139,35357140,35357141,35357142,35357143,35357144,35357145,35357146,35357147,35357148,35357149,35357150,35357151,35357152,35357153,35357154,35357155,35357156,35357157,35357158,35357159,35357160,35357161,35357162,35357163,35357164,35357165,35357166,35357167,35357168,35357169,35357170,35357171,35357172,35357173,35357174,35357175,35357176,35357177,35357178,35357179,35357180,35357181,35357182,35357183,35357184,35357185,35357186,35357187,35357188,35357189,35357190,35357191,35357192,35357193,35357194,35357195,35357196,35357197,35357198,35357199,35357200,35357201,35357202,35357203,35357204,35357205,35357206,35357207,35357208,35357209,35357210,35357211,35357212,35357213,35357214,35357215,35357216,35357217,35357218,35357219,35357220,35357221,35357222,35357223,35357224,35357225,35357226,35357227,35357228,35357229,35357230,35357231,35357232,35357233,35357234,35357235,35357236,35357237,35357238,35357239,35357240,35357241,35357242,35357243,35357244,35357245,35357246,35357247,35357248,35357249,35357250,35357251,35357252,35357253,35357254,35357255,35357256,35357257,35357258,35357259,35357260,35357261,35357262,35357263,35357264,35357265,35357266,35357267,35357268,35357269,35357270,35357271,35357272,35357273,35357274,35357275,35357276,35357277,35357278,35357279,35357280,35357281,35357282,35357283,35357284,35357285,35357286,35357287,35357288,35357289,35357290,35357291,35357292,35357293,35357294,35357295,35357296,35357297,35357298,35357299,35357300,35357301,35357302,35357303,35357304,35357305,35357306,35357307,35357308,35357309,35357310,35357311,35357312,35357313,35357314,35357315,35357316,35357317,35357318,35357319,35357320,35357321,35357322,35357323,35357324,35357325,35357326,35357327,35357328,35357329,35357330,35357331,35357332,35357333,35357334,35357335,35357336,35357337,35357338,35357339,35357340,35357341,35357342,35357343,35357344,35357345,35357346,35357347,35357348,35357349,35357350,35357351,35357352,35357353,35357354,35357355,35357356,35357357,35357358,35357359,35357360,35357361,35357362,35357363,35357364,35357365,35357366,35357367,35357368,35357369,35357370,35357371,35357372,35357373,35357374,35357375,35357376,35357377,35357378,35357379,35357380,35357381,35357382,35357383,35357384,35357385,35357386,35357387,35357388,35357389,35357390,35357391,35357392,35357393,35357394,35357395,35357396,35357397,35357398,35357399,35357400,35357401,35357402,35357403,35357404,35357405,35357406,35357407,35357408,35357409,35357410,35357411,35357412,35357413,35357414,35357415,35357416,35357417,35357418,35357419,35357420,35357421,35357422,35357423,35357424,35357425,35357426,35357427,35357428,35357429,35357430,35357431,35357432,35357433,35357434,35357435,35357436,35357437,35357438,35357439,35357440,35357441,35357442,35357443,35357444,35357445,35357446,35357447,35357448,35357449,35357450,35357451,35357452,35357453,35357454,35357455,35357456,35357457,35357458,35357459,35357460,35357461,35357462,35357463,35357464,35357465,35357466,35357467,35357468,35357469,35357470,35357471,35357472,35357473,35357474,35357475,35357476,35357477,35357478,35357479,35357480,35357481,35357482,35357483,35357484,35357485,35357486,35357487,35357488,35357489,35357490,35357491,35357492,35357493,35357494,35357495,35357496,35357497,35357498,35357499,35357500,35357501,35357502,35357503,35357504,35357505,35357506,35357507,35357508,35357509,35357510,35357511,35357512,35357513,35357514,35357515,35357516,35357517,35357518,35357519,35357520,35357521,35357522,35357523,35357524,35357525,35357526,35357527,35357528,35357529,35357530,35357531,35357532,35357533,35357534,35357535,35357536,35357537,35357538,35357539,35357540,35357541,35357542,35357543,35357544,35357545,35357546,35357547,35357548,35357549,35357550,35357551,35357552,35357553,35357554,35357555,35357556,35357557,35357558,35357559,35357560,35357561,35357562,35357563,35357564,35357565,35357566,35357567,35357568,35357569,35357570,35357571,35357572,35357573,35357574,35357575,35357576,35357577,35357578,35357579,35357580,35357581,35357582,35357583,35357584,35357585,35357586,35357587,35357588,35357589,35357590,35357591,35357592,35357593,35357594,35357595,35357596,35357597,35357598,35357599,35357600,35357601,35357602,35357603,35357604,35357605,35357606,35357607,35357608,35357609,35357610,35357611,35357612,35357613,35357614,35357615,35357616,35357617,35357618,35357619,35357620,35357621,35357622,35357623,35357624,35357625,35357626,35357627,35357628,35357629,35357630,35357631,35357632,35357633,35357634,35357635,35357636,35357637,35357638,35357639,35357640,35357641,35357642,35357643,35357644,35357645,35357646,35357647,35357648,35357649,35357650,35357651,35357652,35357653,35357654,35357655,35357656,35357657,35357658,35357659,35357660,35357661,35357662,35357663,35357664,35357665,35357666,35357667,35357668,35357669,35357670,35357671,35357672,35357673,35357674,35357675,35357676,35357677,35357678,35357679,35357680,35357681,35357682,35357683,35357684,35357685,35357686,35357687,35357688,35357689,35357690,35357691,35357692,35357693,35357694,35357695,35357696,35357697,35357698,35357699,35357700,35357701,35357702,35357703,35357704,35357705,35357706,35357707,35357708,35357709,35357710,35357711,35357712,35357713,35357714,35357715,35357716,35357717,35357718,35357719,35357720,35357721,35357722,35357723,35357724,35357725,35357726,35357727,35357728,35357729,35357730,35357731,35357732,35357733,35357734,35357735,35357736,35357737,35357738,35357739,35357740,35357741,35357742,35357743,35357744,35357745,35357746,35357747,35357748,35357749,35357750,35357751,35357752,35357753,35357754,35357755,35357756,35357757,35357758,35357759,35357760,35357761,35357762,35357763,35357764,35357765,35357766,35357767,35357768,35357769,35357770,35357771,35357772,35357773,35357774,35357775,35357776,35357777,35357778,35357779,35357780,35357781,35357782,35357783,35357784,35357785,35357786,35357787,35357788,35357789,35357790,35357791,35357792,35357793,35357794,35357795,35357796,35357797,35357798,35357799,35357800,35357801,35357802,35357803,35357804,35357805,35357806,35357807,35357808,35357809,35357810,35357811,35357812,35357813,35357814,35357815,35357816,35357817,35357818,35357819,35357820,35357821,35357822,35357823,35357824,35357825,35357826,35357827,35357828,35357829,35357830,35357831,35357832,35357833,35357834,35357835,35357836,35357837,35357838,35357839,35357840,35357841,35357842,35357843,35357844,35357845,35357846,35357847,35357848,35357849,35357850,35357851,35357852,35357853,35357854,35357855,35357856,35357857,35357858,35357859,35357860,35357861,35357862,35357863,35357864,35357865,35357866,35357867,35357868,35357869,35357870,35357871,35357872,35357873,35357874,35357875,35357876,35357877,35357878,35357879,35357880,35357881,35357882,35357883,35357884,35357885,35357886,35357887,35357888,35357889,35357890,35357891,35357892,35357893,35357894,35357895,35357896,35357897,35357898,35357899,35357900,35357901,35357902,35357903,35357904,35357905,35357906,35357907,35357908,35357909,35357910,35357911,35357912,35357913,35357914,35357915,35357916,35357917,35357918,35357919,35357920,35357921,35357922,35357923,35357924,35357925,35357926,35357927,35357928,35357929,35357930,35357931,35357932,35357933,35357934,35357935,35357936,35357937,35357938,35357939,35357940,35357941,35357942,35357943,35357944,35357945,35357946,35357947,35357948,35357949,35357950,35357951,35357952,35357953,35357954,35357955,35357956,35357957,35357958,35357959,35357960,35357961,35357962,35357963,35357964,35357965,35357966,35357967,35357968,35357969,35357970,35357971,35357972,35357973,35357974,35357975,35357976,35357977,35357978,35357979,35357980,35357981,35357982,35357983,35357984,35357985,35357986,35357987,35357988,35357989,35357990,35357991,35357992,35357993,35357994,35357995,35357996,35357997,35357998,35357999,35358000,35358001,35358002,35358003,35358004,35358005,35358006,35358007,35358008,35358009,35358010,35358011,35358012,35358013,35358014,35358015,35358016,35358017,35358018,35358019,35358020,35358021,35358022,35358023,35358024,35358025,35358026,35358027,35358028,35358029,35358030,35358031,35358032,35358033,35358034,35358035,35358036,35358037,35358038,35358039,35358040,35358041,35358042,35358043,35358044,35358045,35358046,35358047,35358048,35358049,35358050,35358051,35358052,35358053,35358054,35358055,35358056,35358057,35358058,35358059,35358060,35358061,35358062,35358063,35358064,35358065,35358066,35358067,35358068,35358069,35358070,35358071,35358072,35358073,35358074,35358075,35358076,35358077,35358078,35358079,35358080,35358081,35358082,35358083,35358084,35358085,35358086,35358087,35358088,35358089,35358090,35358091,35358092,35358093,35358094,35358095,35358096,35358097,35358098,35358099,35358100,35358101,35358102,35358103,35358104,35358105,35358106,35358107,35358108,35358109,35358110,35358111,35358112,35358113,35358114,35358115,35358116,35358117,35358118,35358119,35358120,35358121,35358122,35358123,35358124,35358125,35358126,35358127,35358128,35358129,35358130,35358131,35358132,35358133,35358134,35358135,35358136,35358137,35358138,35358139,35358140,35358141,35358142,35358143,35358144,35358145,35358146,35358147,35358148,35358149,35358150,35358151,35358152,35358153,35358154,35358155,35358156,35358157,35358158,35358159,35358160,35358161,35358162,35358163,35358164,35358165,35358166,35358167,35358168,35358169,35358170,35358171,35358172,35358173,35358174,35358175,35358176,35358177,35358178,35358179,35358180,35358181,35358182,35358183,35358184,35358185,35358186,35358187,35358188,35358189,35358190,35358191,35358192,35358193,35358194,35358195,35358196,35358197,35358198,35358199,35358200,35358201,35358202,35358203,35358204,35358205,35358206,35358207,35358208,35358209,35358210,35358211,35358212,35358213,35358214,35358215,35358216,35358217,35358218,35358219,35358220,35358221,35358222,35358223,35358224,35358225,35358226,35358227,35358228,35358229,35358230,35358231,35358232,35358233,35358234,35358235,35358236,35358237,35358238,35358239,35358240,35358241,35358242,35358243,35358244,35358245,35358246,35358247,35358248,35358249,35358250,35358251,35358252,35358253,35358254,35358255,35358256,35358257,35358258,35358259,35358260,35358261,35358262,35358263,35358264,35358265,35358266,35358267,35358268,35358269,35358270,35358271,35358272,35358273,35358274,35358275,35358276,35358277,35358278,35358279,35358280,35358281,35358282,35358283,35358284,35358285,35358286,35358287,35358288,35358289,35358290,35358291,35358292,35358293,35358294,35358295,35358296,35358297,35358298,35358299,35358300,35358301,35358302,35358303,35358304,35358305,35358306,35358307,35358308,35358309,35358310,35358311,35358312,35358313,35358314,35358315,35358316,35358317,35358318,35358319,35358320,35358321,35358322,35358323,35358324,35358325,35358326,35358327,35358328,35358329,35358330,35358331,35358332,35358333,35358334,35358335,35358336,35358337,35358338,35358339,35358340,35358341,35358342,35358343,35358344,35358345,35358346,35358347,35358348,35358349,35358350,35358351,35358352,35358353,35358354,35358355,35358356,35358357,35358358,35358359,35358360,35358361,35358362,35358363,35358364,35358365,35358366,35358367,35358368,35358369,35358370,35358371,35358372,35358373,35358374,35358375,35358376,35358377,35358378,35358379,35358380,35358381,35358382,35358383,35358384,35358385,35358386,35358387,35358388,35358389,35358390,35358391,35358392,35358393,35358394,35358395,35358396,35358397,35358398,35358399,35358400,35358401,35358402,35358403,35358404,35358405,35358406,35358407,35358408,35358409,35358410,35358411,35358412,35358413,35358414,35358415,35358416,35358417,35358418,35358419,35358420,35358421,35358422,35358423,35358424,35358425,35358426,35358427,35358428,35358429,35358430,35358431,35358432,35358433,35358434,35358435,35358436,35358437,35358438,35358439,35358440,35358441,35358442,35358443,35358444,35358445,35358446,35358447,35358448,35358449,35358450,35358451,35358452,35358453,35358454,35358455,35358456,35358457,35358458,35358459,35358460,35358461,35358462,35358463,35358464,35358465,35358466,35358467,35358468,35358469,35358470,35358471,35358472,35358473,35358474,35358475,35358476,35358477,35358478,35358479,35358480,35358481,35358482,35358483,35358484,35358485,35358486,35358487,35358488,35358489,35358490,35358491,35358492,35358493,35358494,35358495,35358496,35358497,35358498,35358499,35358500,35358501,35358502,35358503,35358504,35358505,35358506,35358507,35358508,35358509,35358510,35358511,35358512,35358513,35358514,35358515,35358516,35358517,35358518,35358519,35358520,35358521,35358522,35358523,35358524,35358525,35358526,35358527,35358528,35358529,35358530,35358531,35358532,35358533,35358534,35358535,35358536,35358537,35358538,35358539,35358540,35358541,35358542,35358543,35358544,35358545,35358546,35358547,35358548,35358549,35358550,35358551,35358552,35358553,35358554,35358555,35358556,35358557,35358558,35358559,35358560,35358561,35358562,35358563,35358564,35358565,35358566,35358567,35358568,35358569,35358570,35358571,35358572,35358573,35358574,35358575,35358576,35358577,35358578,35358579,35358580,35358581,35358582,35358583,35358584,35358585,35358586,35358587,35358588,35358589,35358590,35358591,35358592,35358593,35358594,35358595,35358596,35358597,35358598,35358599,35358600,35358601,35358602,35358603,35358604,35358605,35358606,35358607,35358608,35358609,35358610,35358611,35358612,35358613,35358614,35358615,35358616,35358617,35358618,35358619,35358620,35358621,35358622,35358623,35358624,35358625,35358626,35358627,35358628,35358629,35358630,35358631,35358632,35358633,35358634,35358635,35358636,35358637,35358638,35358639,35358640,35358641,35358642,35358643,35358644,35358645,35358646,35358647,35358648,35358649,35358650,35358651,35358652,35358653,35358654,35358655,35358656,35358657,35358658,35358659,35358660,35358661,35358662,35358663,35358664,35358665,35358666,35358667,35358668,35358669,35358670,35358671,35358672,35358673,35358674,35358675,35358676,35358677,35358678,35358679,35358680,35358681,35358682,35358683,35358684,35358685,35358686,35358687,35358688,35358689,35358690,35358691,35358692,35358693,35358694,35358695,35358696,35358697,35358698,35358699,35358700,35358701,35358702,35358703,35358704,35358705,35358706,35358707,35358708,35358709,35358710,35358711,35358712,35358713,35358714,35358715,35358716,35358717,35358718,35358719,35358720,35358721,35358722,35358723,35358724,35358725,35358726,35358727,35358728,35358729,35358730,35358731,35358732,35358733,35358734,35358735,35358736,35358737,35358738,35358739,35358740,35358741,35358742,35358743,35358744,35358745,35358746,35358747,35358748,35358749,35358750,35358751,35358752,35358753,35358754,35358755,35358756,35358757,35358758,35358759,35358760,35358761,35358762,35358763,35358764,35358765,35358766,35358767,35358768,35358769,35358770,35358771,35358772,35358773,35358774,35358775,35358776,35358777,35358778,35358779,35358780,35358781,35358782,35358783,35358784,35358785,35358786,35358787,35358788,35358789,35358790,35358791,35358792,35358793,35358794,35358795,35358796,35358797,35358798,35358799,35358800,35358801,35358802,35358803,35358804,35358805,35358806,35358807,35358808,35358809,35358810,35358811,35358812,35358813,35358814,35358815,35358816,35358817,35358818,35358819,35358820,35358821,35358822,35358823,35358824,35358825,35358826,35358827,35358828,35358829,35358830,35358831,35358832,35358833,35358834,35358835,35358836,35358837,35358838,35358839,35358840,35358841,35358842,35358843,35358844,35358845,35358846,35358847,35358848,35358849,35358850,35358851,35358852,35358853,35358854,35358855,35358856,35358857,35358858,35358859,35358860,35358861,35358862,35358863,35358864,35358865,35358866,35358867,35358868,35358869,35358870,35358871,35358872,35358873,35358874,35358875,35358876,35358877,35358878,35358879,35358880,35358881,35358882,35358883,35358884,35358885,35358886,35358887,35358888,35358889,35358890,35358891,35358892,35358893,35358894,35358895,35358896,35358897,35358898,35358899,35358900,35358901,35358902,35358903,35358904,35358905,35358906,35358907,35358908,35358909,35358910,35358911,35358912,35358913,35358914,35358915,35358916,35358917,35358918,35358919,35358920,35358921,35358922,35358923,35358924,35358925,35358926,35358927,35358928,35358929,35358930,35358931,35358932,35358933,35358934,35358935,35358936,35358937,35358938,35358939,35358940,35358941,35358942,35358943,35358944,35358945,35358946,35358947,35358948,35358949,35358950,35358951,35358952,35358953,35358954,35358955,35358956,35358957,35358958,35358959,35358960,35358961,35358962,35358963,35358964,35358965,35358966,35358967,35358968,35358969,35358970,35358971,35358972,35358973,35358974,35358975,35358976,35358977,35358978,35358979,35358980,35358981,35358982,35358983,35358984,35358985,35358986,35358987,35358988,35358989,35358990,35358991,35358992,35358993,35358994,35358995,35358996,35358997,35358998,35358999,35359000,35359001,35359002,35359003,35359004,35359005,35359006,35359007,35359008,35359009,35359010,35359011,35359012,35359013,35359014,35359015,35359016,35359017,35359018,35359019,35359020,35359021,35359022,35359023,35359024,35359025,35359026,35359027,35359028,35359029,35359030,35359031,35359032,35359033,35359034,35359035,35359036,35359037,35359038,35359039,35359040,35359041,35359042,35359043,35359044,35359045,35359046,35359047,35359048,35359049,35359050,35359051,35359052,35359053,35359054,35359055,35359056,35359057,35359058,35359059,35359060,35359061,35359062,35359063,35359064,35359065,35359066,35359067,35359068,35359069,35359070,35359071,35359072,35359073,35359074,35359075,35359076,35359077,35359078,35359079,35359080,35359081,35359082,35359083,35359084,35359085,35359086,35359087,35359088,35359089,35359090,35359091,35359092,35359093,35359094,35359095,35359096,35359097,35359098,35359099,35359100,35359101,35359102,35359103,35359104,35359105,35359106,35359107,35359108,35359109,35359110,35359111,35359112,35359113,35359114,35359115,35359116,35359117,35359118,35359119,35359120,35359121,35359122,35359123,35359124,35359125,35359126,35359127,35359128,35359129,35359130,35359131,35359132,35359133,35359134,35359135,35359136,35359137,35359138,35359139,35359140,35359141,35359142,35359143,35359144,35359145,35359146,35359147,35359148,35359149,35359150,35359151,35359152,35359153,35359154,35359155,35359156,35359157,35359158,35359159,35359160,35359161,35359162,35359163,35359164,35359165,35359166,35359167,35359168,35359169,35359170,35359171,35359172,35359173,35359174,35359175,35359176,35359177,35359178,35359179,35359180,35359181,35359182,35359183,35359184,35359185,35359186,35359187,35359188,35359189,35359190,35359191,35359192,35359193,35359194,35359195,35359196,35359197,35359198,35359199,35359200,35359201,35359202,35359203,35359204,35359205,35359206,35359207,35359208,35359209,35359210,35359211,35359212,35359213,35359214,35359215,35359216,35359217,35359218,35359219,35359220,35359221,35359222,35359223,35359224,35359225,35359226,35359227,35359228,35359229,35359230,35359231,35359232,35359233,35359234,35359235,35359236,35359237,35359238,35359239,35359240,35359241,35359242,35359243,35359244,35359245,35359246,35359247,35359248,35359249,35359250,35359251,35359252,35359253,35359254,35359255,35359256,35359257,35359258,35359259,35359260,35359261,35359262,35359263,35359264,35359265,35359266,35359267,35359268,35359269,35359270,35359271,35359272,35359273,35359274,35359275,35359276,35359277,35359278,35359279,35359280,35359281,35359282,35359283,35359284,35359285,35359286,35359287,35359288,35359289,35359290,35359291,35359292,35359293,35359294,35359295,35359296,35359297,35359298,35359299,35359300,35359301,35359302,35359303,35359304,35359305,35359306,35359307,35359308,35359309,35359310,35359311,35359312,35359313,35359314,35359315,35359316,35359317,35359318,35359319,35359320,35359321,35359322,35359323,35359324,35359325,35359326,35359327,35359328,35359329,35359330,35359331,35359332,35359333,35359334,35359335,35359336,35359337,35359338,35359339,35359340,35359341,35359342,35359343,35359344,35359345,35359346,35359347,35359348,35359349,35359350,35359351,35359352,35359353,35359354,35359355,35359356,35359357,35359358,35359359,35359360,35359361,35359362,35359363,35359364,35359365,35359366,35359367,35359368,35359369,35359370,35359371,35359372,35359373,35359374,35359375,35359376,35359377,35359378,35359379,35359380,35359381,35359382,35359383,35359384,35359385,35359386,35359387,35359388,35359389,35359390,35359391,35359392,35359393,35359394,35359395,35359396,35359397,35359398,35359399,35359400,35359401,35359402,35359403,35359404,35359405,35359406,35359407,35359408,35359409,35359410,35359411,35359412,35359413,35359414,35359415,35359416,35359417,35359418,35359419,35359420,35359421,35359422,35359423,35359424,35359425,35359426,35359427,35359428,35359429,35359430,35359431,35359432,35359433,35359434,35359435,35359436,35359437,35359438,35359439,35359440,35359441,35359442,35359443,35359444,35359445,35359446,35359447,35359448,35359449,35359450,35359451,35359452,35359453,35359454,35359455,35359456,35359457,35359458,35359459,35359460,35359461,35359462,35359463,35359464,35359465,35359466,35359467,35359468,35359469,35359470,35359471,35359472,35359473,35359474,35359475,35359476,35359477,35359478,35359479,35359480,35359481,35359482,35359483,35359484,35359485,35359486,35359487,35359488,35359489,35359490,35359491,35359492,35359493,35359494,35359495,35359496,35359497,35359498,35359499,35359500,35359501,35359502,35359503,35359504,35359505,35359506,35359507,35359508,35359509,35359510,35359511,35359512,35359513,35359514,35359515,35359516,35359517,35359518,35359519,35359520,35359521,35359522,35359523,35359524,35359525,35359526,35359527,35359528,35359529,35359530,35359531,35359532,35359533,35359534,35359535,35359536,35359537,35359538,35359539,35359540,35359541,35359542,35359543,35359544,35359545,35359546,35359547,35359548,35359549,35359550,35359551,35359552,35359553,35359554,35359555,35359556,35359557,35359558,35359559,35359560,35359561,35359562,35359563,35359564,35359565,35359566,35359567,35359568,35359569,35359570,35359571,35359572,35359573,35359574,35359575,35359576,35359577,35359578,35359579,35359580,35359581,35359582,35359583,35359584,35359585,35359586,35359587,35359588,35359589,35359590,35359591,35359592,35359593,35359594,35359595,35359596,35359597,35359598,35359599,35359600,35359601,35359602,35359603,35359604,35359605,35359606,35359607,35359608,35359609,35359610,35359611,35359612,35359613,35359614,35359615,35359616,35359617,35359618,35359619,35359620,35359621,35359622,35359623,35359624,35359625,35359626,35359627,35359628,35359629,35359630,35359631,35359632,35359633,35359634,35359635,35359636,35359637,35359638,35359639,35359640,35359641,35359642,35359643,35359644,35359645,35359646,35359647,35359648,35359649,35359650,35359651,35359652,35359653,35359654,35359655,35359656,35359657,35359658,35359659,35359660,35359661,35359662,35359663,35359664,35359665,35359666,35359667,35359668,35359669,35359670,35359671,35359672,35359673,35359674,35359675,35359676,35359677,35359678,35359679,35359680,35359681,35359682,35359683,35359684,35359685,35359686,35359687,35359688,35359689,35359690,35359691,35359692,35359693,35359694,35359695,35359696,35359697,35359698,35359699,35359700,35359701,35359702,35359703,35359704,35359705,35359706,35359707,35359708,35359709,35359710,35359711,35359712,35359713,35359714,35359715,35359716,35359717,35359718,35359719,35359720,35359721,35359722,35359723,35359724,35359725,35359726,35359727,35359728,35359729,35359730,35359731,35359732,35359733,35359734,35359735,35359736,35359737,35359738,35359739,35359740,35359741,35359742,35359743,35359744,35359745,35359746,35359747,35359748,35359749,35359750,35359751,35359752,35359753,35359754,35359755,35359756,35359757,35359758,35359759,35359760,35359761,35359762,35359763,35359764,35359765,35359766,35359767,35359768,35359769,35359770,35359771,35359772,35359773,35359774,35359775,35359776,35359777,35359778,35359779,35359780,35359781,35359782,35359783,35359784,35359785,35359786,35359787,35359788,35359789,35359790,35359791,35359792,35359793,35359794,35359795,35359796,35359797,35359798,35359799,35359800,35359801,35359802,35359803,35359804,35359805,35359806,35359807,35359808,35359809,35359810,35359811,35359812,35359813,35359814,35359815,35359816,35359817,35359818,35359819,35359820,35359821,35359822,35359823,35359824,35359825,35359826,35359827,35359828,35359829,35359830,35359831,35359832,35359833,35359834,35359835,35359836,35359837,35359838,35359839,35359840,35359841,35359842,35359843,35359844,35359845,35359846,35359847,35359848,35359849,35359850,35359851,35359852,35359853,35359854,35359855,35359856,35359857,35359858,35359859,35359860,35359861,35359862,35359863,35359864,35359865,35359866,35359867,35359868,35359869,35359870,35359871,35359872,35359873,35359874,35359875,35359876,35359877,35359878,35359879,35359880,35359881,35359882,35359883,35359884,35359885,35359886,35359887,35359888,35359889,35359890,35359891,35359892,35359893,35359894,35359895,35359896,35359897,35359898,35359899,35359900,35359901,35359902,35359903,35359904,35359905,35359906,35359907,35359908,35359909,35359910,35359911,35359912,35359913,35359914,35359915,35359916,35359917,35359918,35359919,35359920,35359921,35359922,35359923,35359924,35359925,35359926,35359927,35359928,35359929,35359930,35359931,35359932,35359933,35359934,35359935,35359936,35359937,35359938,35359939,35359940,35359941,35359942,35359943,35359944,35359945,35359946,35359947,35359948,35359949,35359950,35359951,35359952,35359953,35359954,35359955,35359956,35359957,35359958,35359959,35359960,35359961,35359962,35359963,35359964,35359965,35359966,35359967,35359968,35359969,35359970,35359971,35359972,35359973,35359974,35359975,35359976,35359977,35359978,35359979,35359980,35359981,35359982,35359983,35359984,35359985,35359986,35359987,35359988,35359989,35359990,35359991,35359992,35359993,35359994,35359995,35359996,35359997,35359998,35359999,35360000,35360001,35360002,35360003,35360004,35360005,35360006,35360007,35360008,35360009,35360010,35360011,35360012,35360013,35360014,35360015,35360016,35360017,35360018,35360019,35360020,35360021,35360022,35360023,35360024,35360025,35360026,35360027,35360028,35360029,35360030,35360031,35360032,35360033,35360034,35360035,35360036,35360037,35360038,35360039,35360040,35360041,35360042,35360043,35360044,35360045,35360046,35360047,35360048,35360049,35360050,35360051,35360052,35360053,35360054,35360055,35360056,35360057,35360058,35360059,35360060,35360061,35360062,35360063,35360064,35360065,35360066,35360067,35360068,35360069,35360070,35360071,35360072,35360073,35360074,35360075,35360076,35360077,35360078,35360079,35360080,35360081,35360082,35360083,35360084,35360085,35360086,35360087,35360088,35360089,35360090,35360091,35360092,35360093,35360094,35360095,35360096,35360097,35360098,35360099,35360100,35360101,35360102,35360103,35360104,35360105,35360106,35360107,35360108,35360109,35360110,35360111,35360112,35360113,35360114,35360115,35360116,35360117,35360118,35360119,35360120,35360121,35360122,35360123,35360124,35360125,35360126,35360127,35360128,35360129,35360130,35360131,35360132,35360133,35360134,35360135,35360136,35360137,35360138,35360139,35360140,35360141,35360142,35360143,35360144,35360145,35360146,35360147,35360148,35360149,35360150,35360151,35360152,35360153,35360154,35360155,35360156,35360157,35360158,35360159,35360160,35360161,35360162,35360163,35360164,35360165,35360166,35360167,35360168,35360169,35360170,35360171,35360172,35360173,35360174,35360175,35360176,35360177,35360178,35360179,35360180,35360181,35360182,35360183,35360184,35360185,35360186,35360187,35360188,35360189,35360190,35360191,35360192,35360193,35360194,35360195,35360196,35360197,35360198,35360199,35360200,35360201,35360202,35360203,35360204,35360205,35360206,35360207,35360208,35360209,35360210,35360211,35360212,35360213,35360214,35360215,35360216,35360217,35360218,35360219,35360220,35360221,35360222,35360223,35360224,35360225,35360226,35360227,35360228,35360229,35360230,35360231,35360232,35360233,35360234,35360235,35360236,35360237,35360238,35360239,35360240,35360241,35360242,35360243,35360244,35360245,35360246,35360247,35360248,35360249,35360250,35360251,35360252,35360253,35360254,35360255,35360256,35360257,35360258,35360259,35360260,35360261,35360262,35360263,35360264,35360265,35360266,35360267,35360268,35360269,35360270,35360271,35360272,35360273,35360274,35360275,35360276,35360277,35360278,35360279,35360280,35360281,35360282,35360283,35360284,35360285,35360286,35360287,35360288,35360289,35360290,35360291,35360292,35360293,35360294,35360295,35360296,35360297,35360298,35360299,35360300,35360301,35360302,35360303,35360304,35360305,35360306,35360307,35360308,35360309,35360310,35360311,35360312,35360313,35360314,35360315,35360316,35360317,35360318,35360319,35360320,35360321,35360322,35360323,35360324,35360325,35360326,35360327,35360328,35360329,35360330,35360331,35360332,35360333,35360334,35360335,35360336,35360337,35360338,35360339,35360340,35360341,35360342,35360343,35360344,35360345,35360346,35360347,35360348,35360349,35360350,35360351,35360352,35360353,35360354,35360355,35360356,35360357,35360358,35360359,35360360,35360361,35360362,35360363,35360364,35360365,35360366,35360367,35360368,35360369,35360370,35360371,35360372,35360373,35360374,35360375,35360376,35360377,35360378,35360379,35360380,35360381,35360382,35360383,35360384,35360385,35360386,35360387,35360388,35360389,35360390,35360391,35360392,35360393,35360394,35360395,35360396,35360397,35360398,35360399,35360400,35360401,35360402,35360403,35360404,35360405,35360406,35360407,35360408,35360409,35360410,35360411,35360412,35360413,35360414,35360415,35360416,35360417,35360418,35360419,35360420,35360421,35360422,35360423,35360424,35360425,35360426,35360427,35360428,35360429,35360430,35360431,35360432,35360433,35360434,35360435,35360436,35360437,35360438,35360439,35360440,35360441,35360442,35360443,35360444,35360445,35360446,35360447,35360448,35360449,35360450,35360451,35360452,35360453,35360454,35360455,35360456,35360457,35360458,35360459,35360460,35360461,35360462,35360463,35360464,35360465,35360466,35360467,35360468,35360469,35360470,35360471,35360472,35360473,35360474,35360475,35360476,35360477,35360478,35360479,35360480,35360481,35360482,35360483,35360484,35360485,35360486,35360487,35360488,35360489,35360490,35360491,35360492,35360493,35360494,35360495,35360496,35360497,35360498,35360499,35360500,35360501,35360502,35360503,35360504,35360505,35360506,35360507,35360508,35360509,35360510,35360511,35360512,35360513,35360514,35360515,35360516,35360517,35360518,35360519,35360520,35360521,35360522,35360523,35360524,35360525,35360526,35360527,35360528,35360529,35360530,35360531,35360532,35360533,35360534,35360535,35360536,35360537,35360538,35360539,35360540,35360541,35360542,35360543,35360544,35360545,35360546,35360547,35360548,35360549,35360550,35360551,35360552,35360553,35360554,35360555,35360556,35360557,35360558,35360559,35360560,35360561,35360562,35360563,35360564,35360565,35360566,35360567,35360568,35360569,35360570,35360571,35360572,35360573,35360574,35360575,35360576,35360577,35360578,35360579,35360580,35360581,35360582,35360583,35360584,35360585,35360586,35360587,35360588,35360589,35360590,35360591,35360592,35360593,35360594,35360595,35360596,35360597,35360598,35360599,35360600,35360601,35360602,35360603,35360604,35360605,35360606,35360607,35360608,35360609,35360610,35360611,35360612,35360613,35360614,35360615,35360616,35360617,35360618,35360619,35360620,35360621,35360622,35360623,35360624,35360625,35360626,35360627,35360628,35360629,35360630,35360631,35360632,35360633,35360634,35360635,35360636,35360637,35360638,35360639,35360640,35360641,35360642,35360643,35360644,35360645,35360646,35360647,35360648,35360649,35360650,35360651,35360652,35360653,35360654,35360655,35360656,35360657,35360658,35360659,35360660,35360661,35360662,35360663,35360664,35360665,35360666,35360667,35360668,35360669,35360670,35360671,35360672,35360673,35360674,35360675,35360676,35360677,35360678,35360679,35360680,35360681,35360682,35360683,35360684,35360685,35360686,35360687,35360688,35360689,35360690,35360691,35360692,35360693,35360694,35360695,35360696,35360697,35360698,35360699,35360700,35360701,35360702,35360703,35360704,35360705,35360706,35360707,35360708,35360709,35360710,35360711,35360712,35360713,35360714,35360715,35360716,35360717,35360718,35360719,35360720,35360721,35360722,35360723,35360724,35360725,35360726,35360727,35360728,35360729,35360730,35360731,35360732,35360733,35360734,35360735,35360736,35360737,35360738,35360739,35360740,35360741,35360742,35360743,35360744,35360745,35360746,35360747,35360748,35360749,35360750,35360751,35360752,35360753,35360754,35360755,35360756,35360757,35360758,35360759,35360760,35360761,35360762,35360763,35360764,35360765,35360766,35360767,35360768,35360769,35360770,35360771,35360772,35360773,35360774,35360775,35360776,35360777,35360778,35360779,35360780,35360781,35360782,35360783,35360784,35360785,35360786,35360787,35360788,35360789,35360790,35360791,35360792,35360793,35360794,35360795,35360796,35360797,35360798,35360799,35360800,35360801,35360802,35360803,35360804,35360805,35360806,35360807,35360808,35360809,35360810,35360811,35360812,35360813,35360814,35360815,35360816,35360817,35360818,35360819,35360820,35360821,35360822,35360823,35360824,35360825,35360826,35360827,35360828,35360829,35360830,35360831,35360832,35360833,35360834,35360835,35360836,35360837,35360838,35360839,35360840,35360841,35360842,35360843,35360844,35360845,35360846,35360847,35360848,35360849,35360850,35360851,35360852,35360853,35360854,35360855,35360856,35360857,35360858,35360859,35360860,35360861,35360862,35360863,35360864,35360865,35360866,35360867,35360868,35360869,35360870,35360871,35360872,35360873,35360874,35360875,35360876,35360877,35360878,35360879,35360880,35360881,35360882,35360883,35360884,35360885,35360886,35360887,35360888,35360889,35360890,35360891,35360892,35360893,35360894,35360895,35360896,35360897,35360898,35360899,35360900,35360901,35360902,35360903,35360904,35360905,35360906,35360907,35360908,35360909,35360910,35360911,35360912,35360913,35360914,35360915,35360916,35360917,35360918,35360919,35360920,35360921,35360922,35360923,35360924,35360925,35360926,35360927,35360928,35360929,35360930,35360931,35360932,35360933,35360934,35360935,35360936,35360937,35360938,35360939,35360940,35360941,35360942,35360943,35360944,35360945,35360946,35360947,35360948,35360949,35360950,35360951,35360952,35360953,35360954,35360955,35360956,35360957,35360958,35360959,35360960,35360961,35360962,35360963,35360964,35360965,35360966,35360967,35360968,35360969,35360970,35360971,35360972,35360973,35360974,35360975,35360976,35360977,35360978,35360979,35360980,35360981,35360982,35360983,35360984,35360985,35360986,35360987,35360988,35360989,35360990,35360991,35360992,35360993,35360994,35360995,35360996,35360997,35360998,35360999,35361000,35361001,35361002,35361003,35361004,35361005,35361006,35361007,35361008,35361009,35361010,35361011,35361012,35361013,35361014,35361015,35361016,35361017,35361018,35361019,35361020,35361021,35361022,35361023,35361024,35361025,35361026,35361027,35361028,35361029,35361030,35361031,35361032,35361033,35361034,35361035,35361036,35361037,35361038,35361039,35361040,35361041,35361042,35361043,35361044,35361045,35361046,35361047,35361048,35361049,35361050,35361051,35361052,35361053,35361054,35361055,35361056,35361057,35361058,35361059,35361060,35361061,35361062,35361063,35361064,35361065,35361066,35361067,35361068,35361069,35361070,35361071,35361072,35361073,35361074,35361075,35361076,35361077,35361078,35361079,35361080,35361081,35361082,35361083,35361084,35361085,35361086,35361087,35361088,35361089,35361090,35361091,35361092,35361093,35361094,35361095,35361096,35361097,35361098,35361099,35361100,35361101,35361102,35361103,35361104,35361105,35361106,35361107,35361108,35361109,35361110,35361111,35361112,35361113,35361114,35361115,35361116,35361117,35361118,35361119,35361120,35361121,35361122,35361123,35361124,35361125,35361126,35361127,35361128,35361129,35361130,35361131,35361132,35361133,35361134,35361135,35361136,35361137,35361138,35361139,35361140,35361141,35361142,35361143,35361144,35361145,35361146,35361147,35361148,35361149,35361150,35361151,35361152,35361153,35361154,35361155,35361156,35361157,35361158,35361159,35361160,35361161,35361162,35361163,35361164,35361165,35361166,35361167,35361168,35361169,35361170,35361171,35361172,35361173,35361174,35361175,35361176,35361177,35361178,35361179,35361180,35361181,35361182,35361183,35361184,35361185,35361186,35361187,35361188,35361189,35361190,35361191,35361192,35361193,35361194,35361195,35361196,35361197,35361198,35361199,35361200,35361201,35361202,35361203,35361204,35361205,35361206,35361207,35361208,35361209,35361210,35361211,35361212,35361213,35361214,35361215,35361216,35361217,35361218,35361219,35361220,35361221,35361222,35361223,35361224,35361225,35361226,35361227,35361228,35361229,35361230,35361231,35361232,35361233,35361234,35361235,35361236,35361237,35361238,35361239,35361240,35361241,35361242,35361243,35361244,35361245,35361246,35361247,35361248,35361249,35361250,35361251,35361252,35361253,35361254,35361255,35361256,35361257,35361258,35361259,35361260,35361261,35361262,35361263,35361264,35361265,35361266,35361267,35361268,35361269,35361270,35361271,35361272,35361273,35361274,35361275,35361276,35361277,35361278,35361279,35361280,35361281,35361282,35361283,35361284,35361285,35361286,35361287,35361288,35361289,35361290,35361291,35361292,35361293,35361294,35361295,35361296,35361297,35361298,35361299,35361300,35361301,35361302,35361303,35361304,35361305,35361306,35361307,35361308,35361309,35361310,35361311,35361312,35361313,35361314,35361315,35361316,35361317,35361318,35361319,35361320,35361321,35361322,35361323,35361324,35361325,35361326,35361327,35361328,35361329,35361330,35361331,35361332,35361333,35361334,35361335,35361336,35361337,35361338,35361339,35361340,35361341,35361342,35361343,35361344,35361345,35361346,35361347,35361348,35361349,35361350,35361351,35361352,35361353,35361354,35361355,35361356,35361357,35361358,35361359,35361360,35361361,35361362,35361363,35361364,35361365,35361366,35361367,35361368,35361369,35361370,35361371,35361372,35361373,35361374,35361375,35361376,35361377,35361378,35361379,35361380,35361381,35361382,35361383,35361384,35361385,35361386,35361387,35361388,35361389,35361390,35361391,35361392,35361393,35361394,35361395,35361396,35361397,35361398,35361399,35361400,35361401,35361402,35361403,35361404,35361405,35361406,35361407,35361408,35361409,35361410,35361411,35361412,35361413,35361414,35361415,35361416,35361417,35361418,35361419,35361420,35361421,35361422,35361423,35361424,35361425,35361426,35361427,35361428,35361429,35361430,35361431,35361432,35361433,35361434,35361435,35361436,35361437,35361438,35361439,35361440,35361441,35361442,35361443,35361444,35361445,35361446,35361447,35361448,35361449,35361450,35361451,35361452,35361453,35361454,35361455,35361456,35361457,35361458,35361459,35361460,35361461,35361462,35361463,35361464,35361465,35361466,35361467,35361468,35361469,35361470,35361471,35361472,35361473,35361474,35361475,35361476,35361477,35361478,35361479,35361480,35361481,35361482,35361483,35361484,35361485,35361486,35361487,35361488,35361489,35361490,35361491,35361492,35361493,35361494,35361495,35361496,35361497,35361498,35361499,35361500,35361501,35361502,35361503,35361504,35361505,35361506,35361507,35361508,35361509,35361510,35361511,35361512,35361513,35361514,35361515,35361516,35361517,35361518,35361519,35361520,35361521,35361522,35361523,35361524,35361525,35361526,35361527,35361528,35361529,35361530,35361531,35361532,35361533,35361534,35361535,35361536,35361537,35361538,35361539,35361540,35361541,35361542,35361543,35361544,35361545,35361546,35361547,35361548,35361549,35361550,35361551,35361552,35361553,35361554,35361555,35361556,35361557,35361558,35361559,35361560,35361561,35361562,35361563,35361564,35361565,35361566,35361567,35361568,35361569,35361570,35361571,35361572,35361573,35361574,35361575,35361576,35361577,35361578,35361579,35361580,35361581,35361582,35361583,35361584,35361585,35361586,35361587,35361588,35361589,35361590,35361591,35361592,35361593,35361594,35361595,35361596,35361597,35361598,35361599,35361600,35361601,35361602,35361603,35361604,35361605,35361606,35361607,35361608,35361609,35361610,35361611,35361612,35361613,35361614,35361615,35361616,35361617,35361618,35361619,35361620,35361621,35361622,35361623,35361624,35361625,35361626,35361627,35361628,35361629,35361630,35361631,35361632,35361633,35361634,35361635,35361636,35361637,35361638,35361639,35361640,35361641,35361642,35361643,35361644,35361645,35361646,35361647,35361648,35361649,35361650,35361651,35361652,35361653,35361654,35361655,35361656,35361657,35361658,35361659,35361660,35361661,35361662,35361663,35361664,35361665,35361666,35361667,35361668,35361669,35361670,35361671,35361672,35361673,35361674,35361675,35361676,35361677,35361678,35361679,35361680,35361681,35361682,35361683,35361684,35361685,35361686,35361687,35361688,35361689,35361690,35361691,35361692,35361693,35361694,35361695,35361696,35361697,35361698,35361699,35361700,35361701,35361702,35361703,35361704,35361705,35361706,35361707,35361708,35361709,35361710,35361711,35361712,35361713,35361714,35361715,35361716,35361717,35361718,35361719,35361720,35361721,35361722,35361723,35361724,35361725,35361726,35361727,35361728,35361729,35361730,35361731,35361732,35361733,35361734,35361735,35361736,35361737,35361738,35361739,35361740,35361741,35361742,35361743,35361744,35361745,35361746,35361747,35361748,35361749,35361750,35361751,35361752,35361753,35361754,35361755,35361756,35361757,35361758,35361759,35361760,35361761,35361762,35361763,35361764,35361765,35361766,35361767,35361768,35361769,35361770,35361771,35361772,35361773,35361774,35361775,35361776,35361777,35361778,35361779,35361780,35361781,35361782,35361783,35361784,35361785,35361786,35361787,35361788,35361789,35361790,35361791,35361792,35361793,35361794,35361795,35361796,35361797,35361798,35361799,35361800,35361801,35361802,35361803,35361804,35361805,35361806,35361807,35361808,35361809,35361810,35361811,35361812,35361813,35361814,35361815,35361816,35361817,35361818,35361819,35361820,35361821,35361822,35361823,35361824,35361825,35361826,35361827,35361828,35361829,35361830,35361831,35361832,35361833,35361834,35361835,35361836,35361837,35361838,35361839,35361840,35361841,35361842,35361843,35361844,35361845,35361846,35361847,35361848,35361849,35361850,35361851,35361852,35361853,35361854,35361855,35361856,35361857,35361858,35361859,35361860,35361861,35361862,35361863,35361864,35361865,35361866,35361867,35361868,35361869,35361870,35361871,35361872,35361873,35361874,35361875,35361876,35361877,35361878,35361879,35361880,35361881,35361882,35361883,35361884,35361885,35361886,35361887,35361888,35361889,35361890,35361891,35361892,35361893,35361894,35361895,35361896,35361897,35361898,35361899,35361900,35361901,35361902,35361903,35361904,35361905,35361906,35361907,35361908,35361909,35361910,35361911,35361912,35361913,35361914,35361915,35361916,35361917,35361918,35361919,35361920,35361921,35361922,35361923,35361924,35361925,35361926,35361927,35361928,35361929,35361930,35361931,35361932,35361933,35361934,35361935,35361936,35361937,35361938,35361939,35361940,35361941,35361942,35361943,35361944,35361945,35361946,35361947,35361948,35361949,35361950,35361951,35361952,35361953,35361954,35361955,35361956,35361957,35361958,35361959,35361960,35361961,35361962,35361963,35361964,35361965,35361966,35361967,35361968,35361969,35361970,35361971,35361972,35361973,35361974,35361975,35361976,35361977,35361978,35361979,35361980,35361981,35361982,35361983,35361984,35361985,35361986,35361987,35361988,35361989,35361990,35361991,35361992,35361993,35361994,35361995,35361996,35361997,35361998,35361999,35362000,35362001,35362002,35362003,35362004,35362005,35362006,35362007,35362008,35362009,35362010,35362011,35362012,35362013,35362014,35362015,35362016,35362017,35362018,35362019,35362020,35362021,35362022,35362023,35362024,35362025,35362026,35362027,35362028,35362029,35362030,35362031,35362032,35362033,35362034,35362035,35362036,35362037,35362038,35362039,35362040,35362041,35362042,35362043,35362044,35362045,35362046,35362047,35362048,35362049,35362050,35362051,35362052,35362053,35362054,35362055,35362056,35362057,35362058,35362059,35362060,35362061,35362062,35362063,35362064,35362065,35362066,35362067,35362068,35362069,35362070,35362071,35362072,35362073,35362074,35362075,35362076,35362077,35362078,35362079,35362080,35362081,35362082,35362083,35362084,35362085,35362086,35362087,35362088,35362089,35362090,35362091,35362092,35362093,35362094,35362095,35362096,35362097,35362098,35362099,35362100,35362101,35362102,35362103,35362104,35362105,35362106,35362107,35362108,35362109,35362110,35362111,35362112,35362113,35362114,35362115,35362116,35362117,35362118,35362119,35362120,35362121,35362122,35362123,35362124,35362125,35362126,35362127,35362128,35362129,35362130,35362131,35362132,35362133,35362134,35362135,35362136,35362137,35362138,35362139,35362140,35362141,35362142,35362143,35362144,35362145,35362146,35362147,35362148,35362149,35362150,35362151,35362152,35362153,35362154,35362155,35362156,35362157,35362158,35362159,35362160,35362161,35362162,35362163,35362164,35362165,35362166,35362167,35362168,35362169,35362170,35362171,35362172,35362173,35362174,35362175,35362176,35362177,35362178,35362179,35362180,35362181,35362182,35362183,35362184,35362185,35362186,35362187,35362188,35362189,35362190,35362191,35362192,35362193,35362194,35362195,35362196,35362197,35362198,35362199,35362200,35362201,35362202,35362203,35362204,35362205,35362206,35362207,35362208,35362209,35362210,35362211,35362212,35362213,35362214,35362215,35362216,35362217,35362218,35362219,35362220,35362221,35362222,35362223,35362224,35362225,35362226,35362227,35362228,35362229,35362230,35362231,35362232,35362233,35362234,35362235,35362236,35362237,35362238,35362239,35362240,35362241,35362242,35362243,35362244,35362245,35362246,35362247,35362248,35362249,35362250,35362251,35362252,35362253,35362254,35362255,35362256,35362257,35362258,35362259,35362260,35362261,35362262,35362263,35362264,35362265,35362266,35362267,35362268,35362269,35362270,35362271,35362272,35362273,35362274,35362275,35362276,35362277,35362278,35362279,35362280,35362281,35362282,35362283,35362284,35362285,35362286,35362287,35362288,35362289,35362290,35362291,35362292,35362293,35362294,35362295,35362296,35362297,35362298,35362299,35362300,35362301,35362302,35362303,35362304,35362305,35362306,35362307,35362308,35362309,35362310,35362311,35362312,35362313,35362314,35362315,35362316,35362317,35362318,35362319,35362320,35362321,35362322,35362323,35362324,35362325,35362326,35362327,35362328,35362329,35362330,35362331,35362332,35362333,35362334,35362335,35362336,35362337,35362338,35362339,35362340,35362341,35362342,35362343,35362344,35362345,35362346,35362347,35362348,35362349,35362350,35362351,35362352,35362353,35362354,35362355,35362356,35362357,35362358,35362359,35362360,35362361,35362362,35362363,35362364,35362365,35362366,35362367,35362368,35362369,35362370,35362371,35362372,35362373,35362374,35362375,35362376,35362377,35362378,35362379,35362380,35362381,35362382,35362383,35362384,35362385,35362386,35362387,35362388,35362389,35362390,35362391,35362392,35362393,35362394,35362395,35362396,35362397,35362398,35362399,35362400,35362401,35362402,35362403,35362404,35362405,35362406,35362407,35362408,35362409,35362410,35362411,35362412,35362413,35362414,35362415,35362416,35362417,35362418,35362419,35362420,35362421,35362422,35362423,35362424,35362425,35362426,35362427,35362428,35362429,35362430,35362431,35362432,35362433,35362434,35362435,35362436,35362437,35362438,35362439,35362440,35362441,35362442,35362443,35362444,35362445,35362446,35362447,35362448,35362449,35362450,35362451,35362452,35362453,35362454,35362455,35362456,35362457,35362458,35362459,35362460,35362461,35362462,35362463,35362464,35362465,35362466,35362467,35362468,35362469,35362470,35362471,35362472,35362473,35362474,35362475,35362476,35362477,35362478,35362479,35362480,35362481,35362482,35362483,35362484,35362485,35362486,35362487,35362488,35362489,35362490,35362491,35362492,35362493,35362494,35362495,35362496,35362497,35362498,35362499,35362500,35362501,35362502,35362503,35362504,35362505,35362506,35362507,35362508,35362509,35362510,35362511,35362512,35362513,35362514,35362515,35362516,35362517,35362518,35362519,35362520,35362521,35362522,35362523,35362524,35362525,35362526,35362527,35362528,35362529,35362530,35362531,35362532,35362533,35362534,35362535,35362536,35362537,35362538,35362539,35362540,35362541,35362542,35362543,35362544,35362545,35362546,35362547,35362548,35362549,35362550,35362551,35362552,35362553,35362554,35362555,35362556,35362557,35362558,35362559,35362560,35362561,35362562,35362563,35362564,35362565,35362566,35362567,35362568,35362569,35362570,35362571,35362572,35362573,35362574,35362575,35362576,35362577,35362578,35362579,35362580,35362581,35362582,35362583,35362584,35362585,35362586,35362587,35362588,35362589,35362590,35362591,35362592,35362593,35362594,35362595,35362596,35362597,35362598,35362599,35362600,35362601,35362602,35362603,35362604,35362605,35362606,35362607,35362608,35362609,35362610,35362611,35362612,35362613,35362614,35362615,35362616,35362617,35362618,35362619,35362620,35362621,35362622,35362623,35362624,35362625,35362626,35362627,35362628,35362629,35362630,35362631,35362632,35362633,35362634,35362635,35362636,35362637,35362638,35362639,35362640,35362641,35362642,35362643,35362644,35362645,35362646,35362647,35362648,35362649,35362650,35362651,35362652,35362653,35362654,35362655,35362656,35362657,35362658,35362659,35362660,35362661,35362662,35362663,35362664,35362665,35362666,35362667,35362668,35362669,35362670,35362671,35362672,35362673,35362674,35362675,35362676,35362677,35362678,35362679,35362680,35362681,35362682,35362683,35362684,35362685,35362686,35362687,35362688,35362689,35362690,35362691,35362692,35362693,35362694,35362695,35362696,35362697,35362698,35362699,35362700,35362701,35362702,35362703,35362704,35362705,35362706,35362707,35362708,35362709,35362710,35362711,35362712,35362713,35362714,35362715,35362716,35362717,35362718,35362719,35362720,35362721,35362722,35362723,35362724,35362725,35362726,35362727,35362728,35362729,35362730,35362731,35362732,35362733,35362734,35362735,35362736,35362737,35362738,35362739,35362740,35362741,35362742,35362743,35362744,35362745,35362746,35362747,35362748,35362749,35362750,35362751,35362752,35362753,35362754,35362755,35362756,35362757,35362758,35362759,35362760,35362761,35362762,35362763,35362764,35362765,35362766,35362767,35362768,35362769,35362770,35362771,35362772,35362773,35362774,35362775,35362776,35362777,35362778,35362779,35362780,35362781,35362782,35362783,35362784,35362785,35362786,35362787,35362788,35362789,35362790,35362791,35362792,35362793,35362794,35362795,35362796,35362797,35362798,35362799,35362800,35362801,35362802,35362803,35362804,35362805,35362806,35362807,35362808,35362809,35362810,35362811,35362812,35362813,35362814,35362815,35362816,35362817,35362818,35362819,35362820,35362821,35362822,35362823,35362824,35362825,35362826,35362827,35362828,35362829,35362830,35362831,35362832,35362833,35362834,35362835,35362836,35362837,35362838,35362839,35362840,35362841,35362842,35362843,35362844,35362845,35362846,35362847,35362848,35362849,35362850,35362851,35362852,35362853,35362854,35362855,35362856,35362857,35362858,35362859,35362860,35362861,35362862,35362863,35362864,35362865,35362866,35362867,35362868,35362869,35362870,35362871,35362872,35362873,35362874,35362875,35362876,35362877,35362878,35362879,35362880,35362881,35362882,35362883,35362884,35362885,35362886,35362887,35362888,35362889,35362890,35362891,35362892,35362893,35362894,35362895,35362896,35362897,35362898,35362899,35362900,35362901,35362902,35362903,35362904,35362905,35362906,35362907,35362908,35362909,35362910,35362911,35362912,35362913,35362914,35362915,35362916,35362917,35362918,35362919,35362920,35362921,35362922,35362923,35362924,35362925,35362926,35362927,35362928,35362929,35362930,35362931,35362932,35362933,35362934,35362935,35362936,35362937,35362938,35362939,35362940,35362941,35362942,35362943,35362944,35362945,35362946,35362947,35362948,35362949,35362950,35362951,35362952,35362953,35362954,35362955,35362956,35362957,35362958,35362959,35362960,35362961,35362962,35362963,35362964,35362965,35362966,35362967,35362968,35362969,35362970,35362971,35362972,35362973,35362974,35362975,35362976,35362977,35362978,35362979,35362980,35362981,35362982,35362983,35362984,35362985,35362986,35362987,35362988,35362989,35362990,35362991,35362992,35362993,35362994,35362995,35362996,35362997,35362998,35362999,35363000,35363001,35363002,35363003,35363004,35363005,35363006,35363007,35363008,35363009,35363010,35363011,35363012,35363013,35363014,35363015,35363016,35363017,35363018,35363019,35363020,35363021,35363022,35363023,35363024,35363025,35363026,35363027,35363028,35363029,35363030,35363031,35363032,35363033,35363034,35363035,35363036,35363037,35363038,35363039,35363040,35363041,35363042,35363043,35363044,35363045,35363046,35363047,35363048,35363049,35363050,35363051,35363052,35363053,35363054,35363055,35363056,35363057,35363058,35363059,35363060,35363061,35363062,35363063,35363064,35363065,35363066,35363067,35363068,35363069,35363070,35363071,35363072,35363073,35363074,35363075,35363076,35363077,35363078,35363079,35363080,35363081,35363082,35363083,35363084,35363085,35363086,35363087,35363088,35363089,35363090,35363091,35363092,35363093,35363094,35363095,35363096,35363097,35363098,35363099,35363100,35363101,35363102,35363103,35363104,35363105,35363106,35363107,35363108,35363109,35363110,35363111,35363112,35363113,35363114,35363115,35363116,35363117,35363118,35363119,35363120,35363121,35363122,35363123,35363124,35363125,35363126,35363127,35363128,35363129,35363130,35363131,35363132,35363133,35363134,35363135,35363136,35363137,35363138,35363139,35363140,35363141,35363142,35363143,35363144,35363145,35363146,35363147,35363148,35363149,35363150,35363151,35363152,35363153,35363154,35363155,35363156,35363157,35363158,35363159,35363160,35363161,35363162,35363163,35363164,35363165,35363166,35363167,35363168,35363169,35363170,35363171,35363172,35363173,35363174,35363175,35363176,35363177,35363178,35363179,35363180,35363181,35363182,35363183,35363184,35363185,35363186,35363187,35363188,35363189,35363190,35363191,35363192,35363193,35363194,35363195,35363196,35363197,35363198,35363199,35363200,35363201,35363202,35363203,35363204,35363205,35363206,35363207,35363208,35363209,35363210,35363211,35363212,35363213,35363214,35363215,35363216,35363217,35363218,35363219,35363220,35363221,35363222,35363223,35363224,35363225,35363226,35363227,35363228,35363229,35363230,35363231,35363232,35363233,35363234,35363235,35363236,35363237,35363238,35363239,35363240,35363241,35363242,35363243,35363244,35363245,35363246,35363247,35363248,35363249,35363250,35363251,35363252,35363253,35363254,35363255,35363256,35363257,35363258,35363259,35363260,35363261,35363262,35363263,35363264,35363265,35363266,35363267,35363268,35363269,35363270,35363271,35363272,35363273,35363274,35363275,35363276,35363277,35363278,35363279,35363280,35363281,35363282,35363283,35363284,35363285,35363286,35363287,35363288,35363289,35363290,35363291,35363292,35363293,35363294,35363295,35363296,35363297,35363298,35363299,35363300,35363301,35363302,35363303,35363304,35363305,35363306,35363307,35363308,35363309,35363310,35363311,35363312,35363313,35363314,35363315,35363316,35363317,35363318,35363319,35363320,35363321,35363322,35363323,35363324,35363325,35363326,35363327,35363328,35363329,35363330,35363331,35363332,35363333,35363334,35363335,35363336,35363337,35363338,35363339,35363340,35363341,35363342,35363343,35363344,35363345,35363346,35363347,35363348,35363349,35363350,35363351,35363352,35363353,35363354,35363355,35363356,35363357,35363358,35363359,35363360,35363361,35363362,35363363,35363364,35363365,35363366,35363367,35363368,35363369,35363370,35363371,35363372,35363373,35363374,35363375,35363376,35363377,35363378,35363379,35363380,35363381,35363382,35363383,35363384,35363385,35363386,35363387,35363388,35363389,35363390,35363391,35363392,35363393,35363394,35363395,35363396,35363397,35363398,35363399,35363400,35363401,35363402,35363403,35363404,35363405,35363406,35363407,35363408,35363409,35363410,35363411,35363412,35363413,35363414,35363415,35363416,35363417,35363418,35363419,35363420,35363421,35363422,35363423,35363424,35363425,35363426,35363427,35363428,35363429,35363430,35363431,35363432,35363433,35363434,35363435,35363436,35363437,35363438,35363439,35363440,35363441,35363442,35363443,35363444,35363445,35363446,35363447,35363448,35363449,35363450,35363451,35363452,35363453,35363454,35363455,35363456,35363457,35363458,35363459,35363460,35363461,35363462,35363463,35363464,35363465,35363466,35363467,35363468,35363469,35363470,35363471,35363472,35363473,35363474,35363475,35363476,35363477,35363478,35363479,35363480,35363481,35363482,35363483,35363484,35363485,35363486,35363487,35363488,35363489,35363490,35363491,35363492,35363493,35363494,35363495,35363496,35363497,35363498,35363499,35363500,35363501,35363502,35363503,35363504,35363505,35363506,35363507,35363508,35363509,35363510,35363511,35363512,35363513,35363514,35363515,35363516,35363517,35363518,35363519,35363520,35363521,35363522,35363523,35363524,35363525,35363526,35363527,35363528,35363529,35363530,35363531,35363532,35363533,35363534,35363535,35363536,35363537,35363538,35363539,35363540,35363541,35363542,35363543,35363544,35363545,35363546,35363547,35363548,35363549,35363550,35363551,35363552,35363553,35363554,35363555,35363556,35363557,35363558,35363559,35363560,35363561,35363562,35363563,35363564,35363565,35363566,35363567,35363568,35363569,35363570,35363571,35363572,35363573,35363574,35363575,35363576,35363577,35363578,35363579,35363580,35363581,35363582,35363583,35363584,35363585,35363586,35363587,35363588,35363589,35363590,35363591,35363592,35363593,35363594,35363595,35363596,35363597,35363598,35363599,35363600,35363601,35363602,35363603,35363604,35363605,35363606,35363607,35363608,35363609,35363610,35363611,35363612,35363613,35363614,35363615,35363616,35363617,35363618,35363619,35363620,35363621,35363622,35363623,35363624,35363625,35363626,35363627,35363628,35363629,35363630,35363631,35363632,35363633,35363634,35363635,35363636,35363637,35363638,35363639,35363640,35363641,35363642,35363643,35363644,35363645,35363646,35363647,35363648,35363649,35363650,35363651,35363652,35363653,35363654,35363655,35363656,35363657,35363658,35363659,35363660,35363661,35363662,35363663,35363664,35363665,35363666,35363667,35363668,35363669,35363670,35363671,35363672,35363673,35363674,35363675,35363676,35363677,35363678,35363679,35363680,35363681,35363682,35363683,35363684,35363685,35363686,35363687,35363688,35363689,35363690,35363691,35363692,35363693,35363694,35363695,35363696,35363697,35363698,35363699,35363700,35363701,35363702,35363703,35363704,35363705,35363706,35363707,35363708,35363709,35363710,35363711,35363712,35363713,35363714,35363715,35363716,35363717,35363718,35363719,35363720,35363721,35363722,35363723,35363724,35363725,35363726,35363727,35363728,35363729,35363730,35363731,35363732,35363733,35363734,35363735,35363736,35363737,35363738,35363739,35363740,35363741,35363742,35363743,35363744,35363745,35363746,35363747,35363748,35363749,35363750,35363751,35363752,35363753,35363754,35363755,35363756,35363757,35363758,35363759,35363760,35363761,35363762,35363763,35363764,35363765,35363766,35363767,35363768,35363769,35363770,35363771,35363772,35363773,35363774,35363775,35363776,35363777,35363778,35363779,35363780,35363781,35363782,35363783,35363784,35363785,35363786,35363787,35363788,35363789,35363790,35363791,35363792,35363793,35363794,35363795,35363796,35363797,35363798,35363799,35363800,35363801,35363802,35363803,35363804,35363805,35363806,35363807,35363808,35363809,35363810,35363811,35363812,35363813,35363814,35363815,35363816,35363817,35363818,35363819,35363820,35363821,35363822,35363823,35363824,35363825,35363826,35363827,35363828,35363829,35363830,35363831,35363832,35363833,35363834,35363835,35363836,35363837,35363838,35363839,35363840,35363841,35363842,35363843,35363844,35363845,35363846,35363847,35363848,35363849,35363850,35363851,35363852,35363853,35363854,35363855,35363856,35363857,35363858,35363859,35363860,35363861,35363862,35363863,35363864,35363865,35363866,35363867,35363868,35363869,35363870,35363871,35363872,35363873,35363874,35363875,35363876,35363877,35363878,35363879,35363880,35363881,35363882,35363883,35363884,35363885,35363886,35363887,35363888,35363889,35363890,35363891,35363892,35363893,35363894,35363895,35363896,35363897,35363898,35363899,35363900,35363901,35363902,35363903,35363904,35363905,35363906,35363907,35363908,35363909,35363910,35363911,35363912,35363913,35363914,35363915,35363916,35363917,35363918,35363919,35363920,35363921,35363922,35363923,35363924,35363925,35363926,35363927,35363928,35363929,35363930,35363931,35363932,35363933,35363934,35363935,35363936,35363937,35363938,35363939,35363940,35363941,35363942,35363943,35363944,35363945,35363946,35363947,35363948,35363949,35363950,35363951,35363952,35363953,35363954,35363955,35363956,35363957,35363958,35363959,35363960,35363961,35363962,35363963,35363964,35363965,35363966,35363967,35363968,35363969,35363970,35363971,35363972,35363973,35363974,35363975,35363976,35363977,35363978,35363979,35363980,35363981,35363982,35363983,35363984,35363985,35363986,35363987,35363988,35363989,35363990,35363991,35363992,35363993,35363994,35363995,35363996,35363997,35363998,35363999,35364000,35364001,35364002,35364003,35364004,35364005,35364006,35364007,35364008,35364009,35364010,35364011,35364012,35364013,35364014,35364015,35364016,35364017,35364018,35364019,35364020,35364021,35364022,35364023,35364024,35364025,35364026,35364027,35364028,35364029,35364030,35364031,35364032,35364033,35364034,35364035,35364036,35364037,35364038,35364039,35364040,35364041,35364042,35364043,35364044,35364045,35364046,35364047,35364048,35364049,35364050,35364051,35364052,35364053,35364054,35364055,35364056,35364057,35364058,35364059,35364060,35364061,35364062,35364063,35364064,35364065,35364066,35364067,35364068,35364069,35364070,35364071,35364072,35364073,35364074,35364075,35364076,35364077,35364078,35364079,35364080,35364081,35364082,35364083,35364084,35364085,35364086,35364087,35364088,35364089,35364090,35364091,35364092,35364093,35364094,35364095,35364096,35364097,35364098,35364099,35364100,35364101,35364102,35364103,35364104,35364105,35364106,35364107,35364108,35364109,35364110,35364111,35364112,35364113,35364114,35364115,35364116,35364117,35364118,35364119,35364120,35364121,35364122,35364123,35364124,35364125,35364126,35364127,35364128,35364129,35364130,35364131,35364132,35364133,35364134,35364135,35364136,35364137,35364138,35364139,35364140,35364141,35364142,35364143,35364144,35364145,35364146,35364147,35364148,35364149,35364150,35364151,35364152,35364153,35364154,35364155,35364156,35364157,35364158,35364159,35364160,35364161,35364162,35364163,35364164,35364165,35364166,35364167,35364168,35364169,35364170,35364171,35364172,35364173,35364174,35364175,35364176,35364177,35364178,35364179,35364180,35364181,35364182,35364183,35364184,35364185,35364186,35364187,35364188,35364189,35364190,35364191,35364192,35364193,35364194,35364195,35364196,35364197,35364198,35364199,35364200,35364201,35364202,35364203,35364204,35364205,35364206,35364207,35364208,35364209,35364210,35364211,35364212,35364213,35364214,35364215,35364216,35364217,35364218,35364219,35364220,35364221,35364222,35364223,35364224,35364225,35364226,35364227,35364228,35364229,35364230,35364231,35364232,35364233,35364234,35364235,35364236,35364237,35364238,35364239,35364240,35364241,35364242,35364243,35364244,35364245,35364246,35364247,35364248,35364249,35364250,35364251,35364252,35364253,35364254,35364255,35364256,35364257,35364258,35364259,35364260,35364261,35364262,35364263,35364264,35364265,35364266,35364267,35364268,35364269,35364270,35364271,35364272,35364273,35364274,35364275,35364276,35364277,35364278,35364279,35364280,35364281,35364282,35364283,35364284,35364285,35364286,35364287,35364288,35364289,35364290,35364291,35364292,35364293,35364294,35364295,35364296,35364297,35364298,35364299,35364300,35364301,35364302,35364303,35364304,35364305,35364306,35364307,35364308,35364309,35364310,35364311,35364312,35364313,35364314,35364315,35364316,35364317,35364318,35364319,35364320,35364321,35364322,35364323,35364324,35364325,35364326,35364327,35364328,35364329,35364330,35364331,35364332,35364333,35364334,35364335,35364336,35364337,35364338,35364339,35364340,35364341,35364342,35364343,35364344,35364345,35364346,35364347,35364348,35364349,35364350,35364351,35364352,35364353,35364354,35364355,35364356,35364357,35364358,35364359,35364360,35364361,35364362,35364363,35364364,35364365,35364366,35364367,35364368,35364369,35364370,35364371,35364372,35364373,35364374,35364375,35364376,35364377,35364378,35364379,35364380,35364381,35364382,35364383,35364384,35364385,35364386,35364387,35364388,35364389,35364390,35364391,35364392,35364393,35364394,35364395,35364396,35364397,35364398,35364399,35364400,35364401,35364402,35364403,35364404,35364405,35364406,35364407,35364408,35364409,35364410,35364411,35364412,35364413,35364414,35364415,35364416,35364417,35364418,35364419,35364420,35364421,35364422,35364423,35364424,35364425,35364426,35364427,35364428,35364429,35364430,35364431,35364432,35364433,35364434,35364435,35364436,35364437,35364438,35364439,35364440,35364441,35364442,35364443,35364444,35364445,35364446,35364447,35364448,35364449,35364450,35364451,35364452,35364453,35364454,35364455,35364456,35364457,35364458,35364459,35364460,35364461,35364462,35364463,35364464,35364465,35364466,35364467,35364468,35364469,35364470,35364471,35364472,35364473,35364474,35364475,35364476,35364477,35364478,35364479,35364480,35364481,35364482,35364483,35364484,35364485,35364486,35364487,35364488,35364489,35364490,35364491,35364492,35364493,35364494,35364495,35364496,35364497,35364498,35364499,35364500,35364501,35364502,35364503,35364504,35364505,35364506,35364507,35364508,35364509,35364510,35364511,35364512,35364513,35364514,35364515,35364516,35364517,35364518,35364519,35364520,35364521,35364522,35364523,35364524,35364525,35364526,35364527,35364528,35364529,35364530,35364531,35364532,35364533,35364534,35364535,35364536,35364537,35364538,35364539,35364540,35364541,35364542,35364543,35364544,35364545,35364546,35364547,35364548,35364549,35364550,35364551,35364552,35364553,35364554,35364555,35364556,35364557,35364558,35364559,35364560,35364561,35364562,35364563,35364564,35364565,35364566,35364567,35364568,35364569,35364570,35364571,35364572,35364573,35364574,35364575,35364576,35364577,35364578,35364579,35364580,35364581,35364582,35364583,35364584,35364585,35364586,35364587,35364588,35364589,35364590,35364591,35364592,35364593,35364594,35364595,35364596,35364597,35364598,35364599,35364600,35364601,35364602,35364603,35364604,35364605,35364606,35364607,35364608,35364609,35364610,35364611,35364612,35364613,35364614,35364615,35364616,35364617,35364618,35364619,35364620,35364621,35364622,35364623,35364624,35364625,35364626,35364627,35364628,35364629,35364630,35364631,35364632,35364633,35364634,35364635,35364636,35364637,35364638,35364639,35364640,35364641,35364642,35364643,35364644,35364645,35364646,35364647,35364648,35364649,35364650,35364651,35364652,35364653,35364654,35364655,35364656,35364657,35364658,35364659,35364660,35364661,35364662,35364663,35364664,35364665,35364666,35364667,35364668,35364669,35364670,35364671,35364672,35364673,35364674,35364675,35364676,35364677,35364678,35364679,35364680,35364681,35364682,35364683,35364684,35364685,35364686,35364687,35364688,35364689,35364690,35364691,35364692,35364693,35364694,35364695,35364696,35364697,35364698,35364699,35364700,35364701,35364702,35364703,35364704,35364705,35364706,35364707,35364708,35364709,35364710,35364711,35364712,35364713,35364714,35364715,35364716,35364717,35364718,35364719,35364720,35364721,35364722,35364723,35364724,35364725,35364726,35364727,35364728,35364729,35364730,35364731,35364732,35364733,35364734,35364735,35364736,35364737,35364738,35364739,35364740,35364741,35364742,35364743,35364744,35364745,35364746,35364747,35364748,35364749,35364750,35364751,35364752,35364753,35364754,35364755,35364756,35364757,35364758,35364759,35364760,35364761,35364762,35364763,35364764,35364765,35364766,35364767,35364768,35364769,35364770,35364771,35364772,35364773,35364774,35364775,35364776,35364777,35364778,35364779,35364780,35364781,35364782,35364783,35364784,35364785,35364786,35364787,35364788,35364789,35364790,35364791,35364792,35364793,35364794,35364795,35364796,35364797,35364798,35364799,35364800,35364801,35364802,35364803,35364804,35364805,35364806,35364807,35364808,35364809,35364810,35364811,35364812,35364813,35364814,35364815,35364816,35364817,35364818,35364819,35364820,35364821,35364822,35364823,35364824,35364825,35364826,35364827,35364828,35364829,35364830,35364831,35364832,35364833,35364834,35364835,35364836,35364837,35364838,35364839,35364840,35364841,35364842,35364843,35364844,35364845,35364846,35364847,35364848,35364849,35364850,35364851,35364852,35364853,35364854,35364855,35364856,35364857,35364858,35364859,35364860,35364861,35364862,35364863,35364864,35364865,35364866,35364867,35364868,35364869,35364870,35364871,35364872,35364873,35364874,35364875,35364876,35364877,35364878,35364879,35364880,35364881,35364882,35364883,35364884,35364885,35364886,35364887,35364888,35364889,35364890,35364891,35364892,35364893,35364894,35364895,35364896,35364897,35364898,35364899,35364900,35364901,35364902,35364903,35364904,35364905,35364906,35364907,35364908,35364909,35364910,35364911,35364912,35364913,35364914,35364915,35364916,35364917,35364918,35364919,35364920,35364921,35364922,35364923,35364924,35364925,35364926,35364927,35364928,35364929,35364930,35364931,35364932,35364933,35364934,35364935,35364936,35364937,35364938,35364939,35364940,35364941,35364942,35364943,35364944,35364945,35364946,35364947,35364948,35364949,35364950,35364951,35364952,35364953,35364954,35364955,35364956,35364957,35364958,35364959,35364960,35364961,35364962,35364963,35364964,35364965,35364966,35364967,35364968,35364969,35364970,35364971,35364972,35364973,35364974,35364975,35364976,35364977,35364978,35364979,35364980,35364981,35364982,35364983,35364984,35364985,35364986,35364987,35364988,35364989,35364990,35364991,35364992,35364993,35364994,35364995,35364996,35364997,35364998,35364999,35365000,35365001,35365002,35365003,35365004,35365005,35365006,35365007,35365008,35365009,35365010,35365011,35365012,35365013,35365014,35365015,35365016,35365017,35365018,35365019,35365020,35365021,35365022,35365023,35365024,35365025,35365026,35365027,35365028,35365029,35365030,35365031,35365032,35365033,35365034,35365035,35365036,35365037,35365038,35365039,35365040,35365041,35365042,35365043,35365044,35365045,35365046,35365047,35365048,35365049,35365050,35365051,35365052,35365053,35365054,35365055,35365056,35365057,35365058,35365059,35365060,35365061,35365062,35365063,35365064,35365065,35365066,35365067,35365068,35365069,35365070,35365071,35365072,35365073,35365074,35365075,35365076,35365077,35365078,35365079,35365080,35365081,35365082,35365083,35365084,35365085,35365086,35365087,35365088,35365089,35365090,35365091,35365092,35365093,35365094,35365095,35365096,35365097,35365098,35365099,35365100,35365101,35365102,35365103,35365104,35365105,35365106,35365107,35365108,35365109,35365110,35365111,35365112,35365113,35365114,35365115,35365116,35365117,35365118,35365119,35365120,35365121,35365122,35365123,35365124,35365125,35365126,35365127,35365128,35365129,35365130,35365131,35365132,35365133,35365134,35365135,35365136,35365137,35365138,35365139,35365140,35365141,35365142,35365143,35365144,35365145,35365146,35365147,35365148,35365149,35365150,35365151,35365152,35365153,35365154,35365155,35365156,35365157,35365158,35365159,35365160,35365161,35365162,35365163,35365164,35365165,35365166,35365167,35365168,35365169,35365170,35365171,35365172,35365173,35365174,35365175,35365176,35365177,35365178,35365179,35365180,35365181,35365182,35365183,35365184,35365185,35365186,35365187,35365188,35365189,35365190,35365191,35365192,35365193,35365194,35365195,35365196,35365197,35365198,35365199,35365200,35365201,35365202,35365203,35365204,35365205,35365206,35365207,35365208,35365209,35365210,35365211,35365212,35365213,35365214,35365215,35365216,35365217,35365218,35365219,35365220,35365221,35365222,35365223,35365224,35365225,35365226,35365227,35365228,35365229,35365230,35365231,35365232,35365233,35365234,35365235,35365236,35365237,35365238,35365239,35365240,35365241,35365242,35365243,35365244,35365245,35365246,35365247,35365248,35365249,35365250,35365251,35365252,35365253,35365254,35365255,35365256,35365257,35365258,35365259,35365260,35365261,35365262,35365263,35365264,35365265,35365266,35365267,35365268,35365269,35365270,35365271,35365272,35365273,35365274,35365275,35365276,35365277,35365278,35365279,35365280,35365281,35365282,35365283,35365284,35365285,35365286,35365287,35365288,35365289,35365290,35365291,35365292,35365293,35365294,35365295,35365296,35365297,35365298,35365299,35365300,35365301,35365302,35365303,35365304,35365305,35365306,35365307,35365308,35365309,35365310,35365311,35365312,35365313,35365314,35365315,35365316,35365317,35365318,35365319,35365320,35365321,35365322,35365323,35365324,35365325,35365326,35365327,35365328,35365329,35365330,35365331,35365332,35365333,35365334,35365335,35365336,35365337,35365338,35365339,35365340,35365341,35365342,35365343,35365344,35365345,35365346,35365347,35365348,35365349,35365350,35365351,35365352,35365353,35365354,35365355,35365356,35365357,35365358,35365359,35365360,35365361,35365362,35365363,35365364,35365365,35365366,35365367,35365368,35365369,35365370,35365371,35365372,35365373,35365374,35365375,35365376,35365377,35365378,35365379,35365380,35365381,35365382,35365383,35365384,35365385,35365386,35365387,35365388,35365389,35365390,35365391,35365392,35365393,35365394,35365395,35365396,35365397,35365398,35365399,35365400,35365401,35365402,35365403,35365404,35365405,35365406,35365407,35365408,35365409,35365410,35365411,35365412,35365413,35365414,35365415,35365416,35365417,35365418,35365419,35365420,35365421,35365422,35365423,35365424,35365425,35365426,35365427,35365428,35365429,35365430,35365431,35365432,35365433,35365434,35365435,35365436,35365437,35365438,35365439,35365440,35365441,35365442,35365443,35365444,35365445,35365446,35365447,35365448,35365449,35365450,35365451,35365452,35365453,35365454,35365455,35365456,35365457,35365458,35365459,35365460,35365461,35365462,35365463,35365464,35365465,35365466,35365467,35365468,35365469,35365470,35365471,35365472,35365473,35365474,35365475,35365476,35365477,35365478,35365479,35365480,35365481,35365482,35365483,35365484,35365485,35365486,35365487,35365488,35365489,35365490,35365491,35365492,35365493,35365494,35365495,35365496,35365497,35365498,35365499,35365500,35365501,35365502,35365503,35365504,35365505,35365506,35365507,35365508,35365509,35365510,35365511,35365512,35365513,35365514,35365515,35365516,35365517,35365518,35365519,35365520,35365521,35365522,35365523,35365524,35365525,35365526,35365527,35365528,35365529,35365530,35365531,35365532,35365533,35365534,35365535,35365536,35365537,35365538,35365539,35365540,35365541,35365542,35365543,35365544,35365545,35365546,35365547,35365548,35365549,35365550,35365551,35365552,35365553,35365554,35365555,35365556,35365557,35365558,35365559,35365560,35365561,35365562,35365563,35365564,35365565,35365566,35365567,35365568,35365569,35365570,35365571,35365572,35365573,35365574,35365575,35365576,35365577,35365578,35365579,35365580,35365581,35365582,35365583,35365584,35365585,35365586,35365587,35365588,35365589,35365590,35365591,35365592,35365593,35365594,35365595,35365596,35365597,35365598,35365599,35365600,35365601,35365602,35365603,35365604,35365605,35365606,35365607,35365608,35365609,35365610,35365611,35365612,35365613,35365614,35365615,35365616,35365617,35365618,35365619,35365620,35365621,35365622,35365623,35365624,35365625,35365626,35365627,35365628,35365629,35365630,35365631,35365632,35365633,35365634,35365635,35365636,35365637,35365638,35365639,35365640,35365641,35365642,35365643,35365644,35365645,35365646,35365647,35365648,35365649,35365650,35365651,35365652,35365653,35365654,35365655,35365656,35365657,35365658,35365659,35365660,35365661,35365662,35365663,35365664,35365665,35365666,35365667,35365668,35365669,35365670,35365671,35365672,35365673,35365674,35365675,35365676,35365677,35365678,35365679,35365680,35365681,35365682,35365683,35365684,35365685,35365686,35365687,35365688,35365689,35365690,35365691,35365692,35365693,35365694,35365695,35365696,35365697,35365698,35365699,35365700,35365701,35365702,35365703,35365704,35365705,35365706,35365707,35365708,35365709,35365710,35365711,35365712,35365713,35365714,35365715,35365716,35365717,35365718,35365719,35365720,35365721,35365722,35365723,35365724,35365725,35365726,35365727,35365728,35365729,35365730,35365731,35365732,35365733,35365734,35365735,35365736,35365737,35365738,35365739,35365740,35365741,35365742,35365743,35365744,35365745,35365746,35365747,35365748,35365749,35365750,35365751,35365752,35365753,35365754,35365755,35365756,35365757,35365758,35365759,35365760,35365761,35365762,35365763,35365764,35365765,35365766,35365767,35365768,35365769,35365770,35365771,35365772,35365773,35365774,35365775,35365776,35365777,35365778,35365779,35365780,35365781,35365782,35365783,35365784,35365785,35365786,35365787,35365788,35365789,35365790,35365791,35365792,35365793,35365794,35365795,35365796,35365797,35365798,35365799,35365800,35365801,35365802,35365803,35365804,35365805,35365806,35365807,35365808,35365809,35365810,35365811,35365812,35365813,35365814,35365815,35365816,35365817,35365818,35365819,35365820,35365821,35365822,35365823,35365824,35365825,35365826,35365827,35365828,35365829,35365830,35365831,35365832,35365833,35365834,35365835,35365836,35365837,35365838,35365839,35365840,35365841,35365842,35365843,35365844,35365845,35365846,35365847,35365848,35365849,35365850,35365851,35365852,35365853,35365854,35365855,35365856,35365857,35365858,35365859,35365860,35365861,35365862,35365863,35365864,35365865,35365866,35365867,35365868,35365869,35365870,35365871,35365872,35365873,35365874,35365875,35365876,35365877,35365878,35365879,35365880,35365881,35365882,35365883,35365884,35365885,35365886,35365887,35365888,35365889,35365890,35365891,35365892,35365893,35365894,35365895,35365896,35365897,35365898,35365899,35365900,35365901,35365902,35365903,35365904,35365905,35365906,35365907,35365908,35365909,35365910,35365911,35365912,35365913,35365914,35365915,35365916,35365917,35365918,35365919,35365920,35365921,35365922,35365923,35365924,35365925,35365926,35365927,35365928,35365929,35365930,35365931,35365932,35365933,35365934,35365935,35365936,35365937,35365938,35365939,35365940,35365941,35365942,35365943,35365944,35365945,35365946,35365947,35365948,35365949,35365950,35365951,35365952,35365953,35365954,35365955,35365956,35365957,35365958,35365959,35365960,35365961,35365962,35365963,35365964,35365965,35365966,35365967,35365968,35365969,35365970,35365971,35365972,35365973,35365974,35365975,35365976,35365977,35365978,35365979,35365980,35365981,35365982,35365983,35365984,35365985,35365986,35365987,35365988,35365989,35365990,35365991,35365992,35365993,35365994,35365995,35365996,35365997,35365998,35365999,35366000,35366001,35366002,35366003,35366004,35366005,35366006,35366007,35366008,35366009,35366010,35366011,35366012,35366013,35366014,35366015,35366016,35366017,35366018,35366019,35366020,35366021,35366022,35366023,35366024,35366025,35366026,35366027,35366028,35366029,35366030,35366031,35366032,35366033,35366034,35366035,35366036,35366037,35366038,35366039,35366040,35366041,35366042,35366043,35366044,35366045,35366046,35366047,35366048,35366049,35366050,35366051,35366052,35366053,35366054,35366055,35366056,35366057,35366058,35366059,35366060,35366061,35366062,35366063,35366064,35366065,35366066,35366067,35366068,35366069,35366070,35366071,35366072,35366073,35366074,35366075,35366076,35366077,35366078,35366079,35366080,35366081,35366082,35366083,35366084,35366085,35366086,35366087,35366088,35366089,35366090,35366091,35366092,35366093,35366094,35366095,35366096,35366097,35366098,35366099,35366100,35366101,35366102,35366103,35366104,35366105,35366106,35366107,35366108,35366109,35366110,35366111,35366112,35366113,35366114,35366115,35366116,35366117,35366118,35366119,35366120,35366121,35366122,35366123,35366124,35366125,35366126,35366127,35366128,35366129,35366130,35366131,35366132,35366133,35366134,35366135,35366136,35366137,35366138,35366139,35366140,35366141,35366142,35366143,35366144,35366145,35366146,35366147,35366148,35366149,35366150,35366151,35366152,35366153,35366154,35366155,35366156,35366157,35366158,35366159,35366160,35366161,35366162,35366163,35366164,35366165,35366166,35366167,35366168,35366169,35366170,35366171,35366172,35366173,35366174,35366175,35366176,35366177,35366178,35366179,35366180,35366181,35366182,35366183,35366184,35366185,35366186,35366187,35366188,35366189,35366190,35366191,35366192,35366193,35366194,35366195,35366196,35366197,35366198,35366199,35366200,35366201,35366202,35366203,35366204,35366205,35366206,35366207,35366208,35366209,35366210,35366211,35366212,35366213,35366214,35366215,35366216,35366217,35366218,35366219,35366220,35366221,35366222,35366223,35366224,35366225,35366226,35366227,35366228,35366229,35366230,35366231,35366232,35366233,35366234,35366235,35366236,35366237,35366238,35366239,35366240,35366241,35366242,35366243,35366244,35366245,35366246,35366247,35366248,35366249,35366250,35366251,35366252,35366253,35366254,35366255,35366256,35366257,35366258,35366259,35366260,35366261,35366262,35366263,35366264,35366265,35366266,35366267,35366268,35366269,35366270,35366271,35366272,35366273,35366274,35366275,35366276,35366277,35366278,35366279,35366280,35366281,35366282,35366283,35366284,35366285,35366286,35366287,35366288,35366289,35366290,35366291,35366292,35366293,35366294,35366295,35366296,35366297,35366298,35366299,35366300,35366301,35366302,35366303,35366304,35366305,35366306,35366307,35366308,35366309,35366310,35366311,35366312,35366313,35366314,35366315,35366316,35366317,35366318,35366319,35366320,35366321,35366322,35366323,35366324,35366325,35366326,35366327,35366328,35366329,35366330,35366331,35366332,35366333,35366334,35366335,35366336,35366337,35366338,35366339,35366340,35366341,35366342,35366343,35366344,35366345,35366346,35366347,35366348,35366349,35366350,35366351,35366352,35366353,35366354,35366355,35366356,35366357,35366358,35366359,35366360,35366361,35366362,35366363,35366364,35366365,35366366,35366367,35366368,35366369,35366370,35366371,35366372,35366373,35366374,35366375,35366376,35366377,35366378,35366379,35366380,35366381,35366382,35366383,35366384,35366385,35366386,35366387,35366388,35366389,35366390,35366391,35366392,35366393,35366394,35366395,35366396,35366397,35366398,35366399,35366400,35366401,35366402,35366403,35366404,35366405,35366406,35366407,35366408,35366409,35366410,35366411,35366412,35366413,35366414,35366415,35366416,35366417,35366418,35366419,35366420,35366421,35366422,35366423,35366424,35366425,35366426,35366427,35366428,35366429,35366430,35366431,35366432,35366433,35366434,35366435,35366436,35366437,35366438,35366439,35366440,35366441,35366442,35366443,35366444,35366445,35366446,35366447,35366448,35366449,35366450,35366451,35366452,35366453,35366454,35366455,35366456,35366457,35366458,35366459,35366460,35366461,35366462,35366463,35366464,35366465,35366466,35366467,35366468,35366469,35366470,35366471,35366472,35366473,35366474,35366475,35366476,35366477,35366478,35366479,35366480,35366481,35366482,35366483,35366484,35366485,35366486,35366487,35366488,35366489,35366490,35366491,35366492,35366493,35366494,35366495,35366496,35366497,35366498,35366499,35366500,35366501,35366502,35366503,35366504,35366505,35366506,35366507,35366508,35366509,35366510,35366511,35366512,35366513,35366514,35366515,35366516,35366517,35366518,35366519,35366520,35366521,35366522,35366523,35366524,35366525,35366526,35366527,35366528,35366529,35366530,35366531,35366532,35366533,35366534,35366535,35366536,35366537,35366538,35366539,35366540,35366541,35366542,35366543,35366544,35366545,35366546,35366547,35366548,35366549,35366550,35366551,35366552,35366553,35366554,35366555,35366556,35366557,35366558,35366559,35366560,35366561,35366562,35366563,35366564,35366565,35366566,35366567,35366568,35366569,35366570,35366571,35366572,35366573,35366574,35366575,35366576,35366577,35366578,35366579,35366580,35366581,35366582,35366583,35366584,35366585,35366586,35366587,35366588,35366589,35366590,35366591,35366592,35366593,35366594,35366595,35366596,35366597,35366598,35366599,35366600,35366601,35366602,35366603,35366604,35366605,35366606,35366607,35366608,35366609,35366610,35366611,35366612,35366613,35366614,35366615,35366616,35366617,35366618,35366619,35366620,35366621,35366622,35366623,35366624,35366625,35366626,35366627,35366628,35366629,35366630,35366631,35366632,35366633,35366634,35366635,35366636,35366637,35366638,35366639,35366640,35366641,35366642,35366643,35366644,35366645,35366646,35366647,35366648,35366649,35366650,35366651,35366652,35366653,35366654,35366655,35366656,35366657,35366658,35366659,35366660,35366661,35366662,35366663,35366664,35366665,35366666,35366667,35366668,35366669,35366670,35366671,35366672,35366673,35366674,35366675,35366676,35366677,35366678,35366679,35366680,35366681,35366682,35366683,35366684,35366685,35366686,35366687,35366688,35366689,35366690,35366691,35366692,35366693,35366694,35366695,35366696,35366697,35366698,35366699,35366700,35366701,35366702,35366703,35366704,35366705,35366706,35366707,35366708,35366709,35366710,35366711,35366712,35366713,35366714,35366715,35366716,35366717,35366718,35366719,35366720,35366721,35366722,35366723,35366724,35366725,35366726,35366727,35366728,35366729,35366730,35366731,35366732,35366733,35366734,35366735,35366736,35366737,35366738,35366739,35366740,35366741,35366742,35366743,35366744,35366745,35366746,35366747,35366748,35366749,35366750,35366751,35366752,35366753,35366754,35366755,35366756,35366757,35366758,35366759,35366760,35366761,35366762,35366763,35366764,35366765,35366766,35366767,35366768,35366769,35366770,35366771,35366772,35366773,35366774,35366775,35366776,35366777,35366778,35366779,35366780,35366781,35366782,35366783,35366784,35366785,35366786,35366787,35366788,35366789,35366790,35366791,35366792,35366793,35366794,35366795,35366796,35366797,35366798,35366799,35366800,35366801,35366802,35366803,35366804,35366805,35366806,35366807,35366808,35366809,35366810,35366811,35366812,35366813,35366814,35366815,35366816,35366817,35366818,35366819,35366820,35366821,35366822,35366823,35366824,35366825,35366826,35366827,35366828,35366829,35366830,35366831,35366832,35366833,35366834,35366835,35366836,35366837,35366838,35366839,35366840,35366841,35366842,35366843,35366844,35366845,35366846,35366847,35366848,35366849,35366850,35366851,35366852,35366853,35366854,35366855,35366856,35366857,35366858,35366859,35366860,35366861,35366862,35366863,35366864,35366865,35366866,35366867,35366868,35366869,35366870,35366871,35366872,35366873,35366874,35366875,35366876,35366877,35366878,35366879,35366880,35366881,35366882,35366883,35366884,35366885,35366886,35366887,35366888,35366889,35366890,35366891,35366892,35366893,35366894,35366895,35366896,35366897,35366898,35366899,35366900,35366901,35366902,35366903,35366904,35366905,35366906,35366907,35366908,35366909,35366910,35366911,35366912,35366913,35366914,35366915,35366916,35366917,35366918,35366919,35366920,35366921,35366922,35366923,35366924,35366925,35366926,35366927,35366928,35366929,35366930,35366931,35366932,35366933,35366934,35366935,35366936,35366937,35366938,35366939,35366940,35366941,35366942,35366943,35366944,35366945,35366946,35366947,35366948,35366949,35366950,35366951,35366952,35366953,35366954,35366955,35366956,35366957,35366958,35366959,35366960,35366961,35366962,35366963,35366964,35366965,35366966,35366967,35366968,35366969,35366970,35366971,35366972,35366973,35366974,35366975,35366976,35366977,35366978,35366979,35366980,35366981,35366982,35366983,35366984,35366985,35366986,35366987,35366988,35366989,35366990,35366991,35366992,35366993,35366994,35366995,35366996,35366997,35366998,35366999,35367000,35367001,35367002,35367003,35367004,35367005,35367006,35367007,35367008,35367009,35367010,35367011,35367012,35367013,35367014,35367015,35367016,35367017,35367018,35367019,35367020,35367021,35367022,35367023,35367024,35367025,35367026,35367027,35367028,35367029,35367030,35367031,35367032,35367033,35367034,35367035,35367036,35367037,35367038,35367039,35367040,35367041,35367042,35367043,35367044,35367045,35367046,35367047,35367048,35367049,35367050,35367051,35367052,35367053,35367054,35367055,35367056,35367057,35367058,35367059,35367060,35367061,35367062,35367063,35367064,35367065,35367066,35367067,35367068,35367069,35367070,35367071,35367072,35367073,35367074,35367075,35367076,35367077,35367078,35367079,35367080,35367081,35367082,35367083,35367084,35367085,35367086,35367087,35367088,35367089,35367090,35367091,35367092,35367093,35367094,35367095,35367096,35367097,35367098,35367099,35367100,35367101,35367102,35367103,35367104,35367105,35367106,35367107,35367108,35367109,35367110,35367111,35367112,35367113,35367114,35367115,35367116,35367117,35367118,35367119,35367120,35367121,35367122,35367123,35367124,35367125,35367126,35367127,35367128,35367129,35367130,35367131,35367132,35367133,35367134,35367135,35367136,35367137,35367138,35367139,35367140,35367141,35367142,35367143,35367144,35367145,35367146,35367147,35367148,35367149,35367150,35367151,35367152,35367153,35367154,35367155,35367156,35367157,35367158,35367159,35367160,35367161,35367162,35367163,35367164,35367165,35367166,35367167,35367168,35367169,35367170,35367171,35367172,35367173,35367174,35367175,35367176,35367177,35367178,35367179,35367180,35367181,35367182,35367183,35367184,35367185,35367186,35367187,35367188,35367189,35367190,35367191,35367192,35367193,35367194,35367195,35367196,35367197,35367198,35367199,35367200,35367201,35367202,35367203,35367204,35367205,35367206,35367207,35367208,35367209,35367210,35367211,35367212,35367213,35367214,35367215,35367216,35367217,35367218,35367219,35367220,35367221,35367222,35367223,35367224,35367225,35367226,35367227,35367228,35367229,35367230,35367231,35367232,35367233,35367234,35367235,35367236,35367237,35367238,35367239,35367240,35367241,35367242,35367243,35367244,35367245,35367246,35367247,35367248,35367249,35367250,35367251,35367252,35367253,35367254,35367255,35367256,35367257,35367258,35367259,35367260,35367261,35367262,35367263,35367264,35367265,35367266,35367267,35367268,35367269,35367270,35367271,35367272,35367273,35367274,35367275,35367276,35367277,35367278,35367279,35367280,35367281,35367282,35367283,35367284,35367285,35367286,35367287,35367288,35367289,35367290,35367291,35367292,35367293,35367294,35367295,35367296,35367297,35367298,35367299,35367300,35367301,35367302,35367303,35367304,35367305,35367306,35367307,35367308,35367309,35367310,35367311,35367312,35367313,35367314,35367315,35367316,35367317,35367318,35367319,35367320,35367321,35367322,35367323,35367324,35367325,35367326,35367327,35367328,35367329,35367330,35367331,35367332,35367333,35367334,35367335,35367336,35367337,35367338,35367339,35367340,35367341,35367342,35367343,35367344,35367345,35367346,35367347,35367348,35367349,35367350,35367351,35367352,35367353,35367354,35367355,35367356,35367357,35367358,35367359,35367360,35367361,35367362,35367363,35367364,35367365,35367366,35367367,35367368,35367369,35367370,35367371,35367372,35367373,35367374,35367375,35367376,35367377,35367378,35367379,35367380,35367381,35367382,35367383,35367384,35367385,35367386,35367387,35367388,35367389,35367390,35367391,35367392,35367393,35367394,35367395,35367396,35367397,35367398,35367399,35367400,35367401,35367402,35367403,35367404,35367405,35367406,35367407,35367408,35367409,35367410,35367411,35367412,35367413,35367414,35367415,35367416,35367417,35367418,35367419,35367420,35367421,35367422,35367423,35367424,35367425,35367426,35367427,35367428,35367429,35367430,35367431,35367432,35367433,35367434,35367435,35367436,35367437,35367438,35367439,35367440,35367441,35367442,35367443,35367444,35367445,35367446,35367447,35367448,35367449,35367450,35367451,35367452,35367453,35367454,35367455,35367456,35367457,35367458,35367459,35367460,35367461,35367462,35367463,35367464,35367465,35367466,35367467,35367468,35367469,35367470,35367471,35367472,35367473,35367474,35367475,35367476,35367477,35367478,35367479,35367480,35367481,35367482,35367483,35367484,35367485,35367486,35367487,35367488,35367489,35367490,35367491,35367492,35367493,35367494,35367495,35367496,35367497,35367498,35367499,35367500,35367501,35367502,35367503,35367504,35367505,35367506,35367507,35367508,35367509,35367510,35367511,35367512,35367513,35367514,35367515,35367516,35367517,35367518,35367519,35367520,35367521,35367522,35367523,35367524,35367525,35367526,35367527,35367528,35367529,35367530,35367531,35367532,35367533,35367534,35367535,35367536,35367537,35367538,35367539,35367540,35367541,35367542,35367543,35367544,35367545,35367546,35367547,35367548,35367549,35367550,35367551,35367552,35367553,35367554,35367555,35367556,35367557,35367558,35367559,35367560,35367561,35367562,35367563,35367564,35367565,35367566,35367567,35367568,35367569,35367570,35367571,35367572,35367573,35367574,35367575,35367576,35367577,35367578,35367579,35367580,35367581,35367582,35367583,35367584,35367585,35367586,35367587,35367588,35367589,35367590,35367591,35367592,35367593,35367594,35367595,35367596,35367597,35367598,35367599,35367600,35367601,35367602,35367603,35367604,35367605,35367606,35367607,35367608,35367609,35367610,35367611,35367612,35367613,35367614,35367615,35367616,35367617,35367618,35367619,35367620,35367621,35367622,35367623,35367624,35367625,35367626,35367627,35367628,35367629,35367630,35367631,35367632,35367633,35367634,35367635,35367636,35367637,35367638,35367639,35367640,35367641,35367642,35367643,35367644,35367645,35367646,35367647,35367648,35367649,35367650,35367651,35367652,35367653,35367654,35367655,35367656,35367657,35367658,35367659,35367660,35367661,35367662,35367663,35367664,35367665,35367666,35367667,35367668,35367669,35367670,35367671,35367672,35367673,35367674,35367675,35367676,35367677,35367678,35367679,35367680,35367681,35367682,35367683,35367684,35367685,35367686,35367687,35367688,35367689,35367690,35367691,35367692,35367693,35367694,35367695,35367696,35367697,35367698,35367699,35367700,35367701,35367702,35367703,35367704,35367705,35367706,35367707,35367708,35367709,35367710,35367711,35367712,35367713,35367714,35367715,35367716,35367717,35367718,35367719,35367720,35367721,35367722,35367723,35367724,35367725,35367726,35367727,35367728,35367729,35367730,35367731,35367732,35367733,35367734,35367735,35367736,35367737,35367738,35367739,35367740,35367741,35367742,35367743,35367744,35367745,35367746,35367747,35367748,35367749,35367750,35367751,35367752,35367753,35367754,35367755,35367756,35367757,35367758,35367759,35367760,35367761,35367762,35367763,35367764,35367765,35367766,35367767,35367768,35367769,35367770,35367771,35367772,35367773,35367774,35367775,35367776,35367777,35367778,35367779,35367780,35367781,35367782,35367783,35367784,35367785,35367786,35367787,35367788,35367789,35367790,35367791,35367792,35367793,35367794,35367795,35367796,35367797,35367798,35367799,35367800,35367801,35367802,35367803,35367804,35367805,35367806,35367807,35367808,35367809,35367810,35367811,35367812,35367813,35367814,35367815,35367816,35367817,35367818,35367819,35367820,35367821,35367822,35367823,35367824,35367825,35367826,35367827,35367828,35367829,35367830,35367831,35367832,35367833,35367834,35367835,35367836,35367837,35367838,35367839,35367840,35367841,35367842,35367843,35367844,35367845,35367846,35367847,35367848,35367849,35367850,35367851,35367852,35367853,35367854,35367855,35367856,35367857,35367858,35367859,35367860,35367861,35367862,35367863,35367864,35367865,35367866,35367867,35367868,35367869,35367870,35367871,35367872,35367873,35367874,35367875,35367876,35367877,35367878,35367879,35367880,35367881,35367882,35367883,35367884,35367885,35367886,35367887,35367888,35367889,35367890,35367891,35367892,35367893,35367894,35367895,35367896,35367897,35367898,35367899,35367900,35367901,35367902,35367903,35367904,35367905,35367906,35367907,35367908,35367909,35367910,35367911,35367912,35367913,35367914,35367915,35367916,35367917,35367918,35367919,35367920,35367921,35367922,35367923,35367924,35367925,35367926,35367927,35367928,35367929,35367930,35367931,35367932,35367933,35367934,35367935,35367936,35367937,35367938,35367939,35367940,35367941,35367942,35367943,35367944,35367945,35367946,35367947,35367948,35367949,35367950,35367951,35367952,35367953,35367954,35367955,35367956,35367957,35367958,35367959,35367960,35367961,35367962,35367963,35367964,35367965,35367966,35367967,35367968,35367969,35367970,35367971,35367972,35367973,35367974,35367975,35367976,35367977,35367978,35367979,35367980,35367981,35367982,35367983,35367984,35367985,35367986,35367987,35367988,35367989,35367990,35367991,35367992,35367993,35367994,35367995,35367996,35367997,35367998,35367999,35368000,35368001,35368002,35368003,35368004,35368005,35368006,35368007,35368008,35368009,35368010,35368011,35368012,35368013,35368014,35368015,35368016,35368017,35368018,35368019,35368020,35368021,35368022,35368023,35368024,35368025,35368026,35368027,35368028,35368029,35368030,35368031,35368032,35368033,35368034,35368035,35368036,35368037,35368038,35368039,35368040,35368041,35368042,35368043,35368044,35368045,35368046,35368047,35368048,35368049,35368050,35368051,35368052,35368053,35368054,35368055,35368056,35368057,35368058,35368059,35368060,35368061,35368062,35368063,35368064,35368065,35368066,35368067,35368068,35368069,35368070,35368071,35368072,35368073,35368074,35368075,35368076,35368077,35368078,35368079,35368080,35368081,35368082,35368083,35368084,35368085,35368086,35368087,35368088,35368089,35368090,35368091,35368092,35368093,35368094,35368095,35368096,35368097,35368098,35368099,35368100,35368101,35368102,35368103,35368104,35368105,35368106,35368107,35368108,35368109,35368110,35368111,35368112,35368113,35368114,35368115,35368116,35368117,35368118,35368119,35368120,35368121,35368122,35368123,35368124,35368125,35368126,35368127,35368128,35368129,35368130,35368131,35368132,35368133,35368134,35368135,35368136,35368137,35368138,35368139,35368140,35368141,35368142,35368143,35368144,35368145,35368146,35368147,35368148,35368149,35368150,35368151,35368152,35368153,35368154,35368155,35368156,35368157,35368158,35368159,35368160,35368161,35368162,35368163,35368164,35368165,35368166,35368167,35368168,35368169,35368170,35368171,35368172,35368173,35368174,35368175,35368176,35368177,35368178,35368179,35368180,35368181,35368182,35368183,35368184,35368185,35368186,35368187,35368188,35368189,35368190,35368191,35368192,35368193,35368194,35368195,35368196,35368197,35368198,35368199,35368200,35368201,35368202,35368203,35368204,35368205,35368206,35368207,35368208,35368209,35368210,35368211,35368212,35368213,35368214,35368215,35368216,35368217,35368218,35368219,35368220,35368221,35368222,35368223,35368224,35368225,35368226,35368227,35368228,35368229,35368230,35368231,35368232,35368233,35368234,35368235,35368236,35368237,35368238,35368239,35368240,35368241,35368242,35368243,35368244,35368245,35368246,35368247,35368248,35368249,35368250,35368251,35368252,35368253,35368254,35368255,35368256,35368257,35368258,35368259,35368260,35368261,35368262,35368263,35368264,35368265,35368266,35368267,35368268,35368269,35368270,35368271,35368272,35368273,35368274,35368275,35368276,35368277,35368278,35368279,35368280,35368281,35368282,35368283,35368284,35368285,35368286,35368287,35368288,35368289,35368290,35368291,35368292,35368293,35368294,35368295,35368296,35368297,35368298,35368299,35368300,35368301,35368302,35368303,35368304,35368305,35368306,35368307,35368308,35368309,35368310,35368311,35368312,35368313,35368314,35368315,35368316,35368317,35368318,35368319,35368320,35368321,35368322,35368323,35368324,35368325,35368326,35368327,35368328,35368329,35368330,35368331,35368332,35368333,35368334,35368335,35368336,35368337,35368338,35368339,35368340,35368341,35368342,35368343,35368344,35368345,35368346,35368347,35368348,35368349,35368350,35368351,35368352,35368353,35368354,35368355,35368356,35368357,35368358,35368359,35368360,35368361,35368362,35368363,35368364,35368365,35368366,35368367,35368368,35368369,35368370,35368371,35368372,35368373,35368374,35368375,35368376,35368377,35368378,35368379,35368380,35368381,35368382,35368383,35368384,35368385,35368386,35368387,35368388,35368389,35368390,35368391,35368392,35368393,35368394,35368395,35368396,35368397,35368398,35368399,35368400,35368401,35368402,35368403,35368404,35368405,35368406,35368407,35368408,35368409,35368410,35368411,35368412,35368413,35368414,35368415,35368416,35368417,35368418,35368419,35368420,35368421,35368422,35368423,35368424,35368425,35368426,35368427,35368428,35368429,35368430,35368431,35368432,35368433,35368434,35368435,35368436,35368437,35368438,35368439,35368440,35368441,35368442,35368443,35368444,35368445,35368446,35368447,35368448,35368449,35368450,35368451,35368452,35368453,35368454,35368455,35368456,35368457,35368458,35368459,35368460,35368461,35368462,35368463,35368464,35368465,35368466,35368467,35368468,35368469,35368470,35368471,35368472,35368473,35368474,35368475,35368476,35368477,35368478,35368479,35368480,35368481,35368482,35368483,35368484,35368485,35368486,35368487,35368488,35368489,35368490,35368491,35368492,35368493,35368494,35368495,35368496,35368497,35368498,35368499,35368500,35368501,35368502,35368503,35368504,35368505,35368506,35368507,35368508,35368509,35368510,35368511,35368512,35368513,35368514,35368515,35368516,35368517,35368518,35368519,35368520,35368521,35368522,35368523,35368524,35368525,35368526,35368527,35368528,35368529,35368530,35368531,35368532,35368533,35368534,35368535,35368536,35368537,35368538,35368539,35368540,35368541,35368542,35368543,35368544,35368545,35368546,35368547,35368548,35368549,35368550,35368551,35368552,35368553,35368554,35368555,35368556,35368557,35368558,35368559,35368560,35368561,35368562,35368563,35368564,35368565,35368566,35368567,35368568,35368569,35368570,35368571,35368572,35368573,35368574,35368575,35368576,35368577,35368578,35368579,35368580,35368581,35368582,35368583,35368584,35368585,35368586,35368587,35368588,35368589,35368590,35368591,35368592,35368593,35368594,35368595,35368596,35368597,35368598,35368599,35368600,35368601,35368602,35368603,35368604,35368605,35368606,35368607,35368608,35368609,35368610,35368611,35368612,35368613,35368614,35368615,35368616,35368617,35368618,35368619,35368620,35368621,35368622,35368623,35368624,35368625,35368626,35368627,35368628,35368629,35368630,35368631,35368632,35368633,35368634,35368635,35368636,35368637,35368638,35368639,35368640,35368641,35368642,35368643,35368644,35368645,35368646,35368647,35368648,35368649,35368650,35368651,35368652,35368653,35368654,35368655,35368656,35368657,35368658,35368659,35368660,35368661,35368662,35368663,35368664,35368665,35368666,35368667,35368668,35368669,35368670,35368671,35368672,35368673,35368674,35368675,35368676,35368677,35368678,35368679,35368680,35368681,35368682,35368683,35368684,35368685,35368686,35368687,35368688,35368689,35368690,35368691,35368692,35368693,35368694,35368695,35368696,35368697,35368698,35368699,35368700,35368701,35368702,35368703,35368704,35368705,35368706,35368707,35368708,35368709,35368710,35368711,35368712,35368713,35368714,35368715,35368716,35368717,35368718,35368719,35368720,35368721,35368722,35368723,35368724,35368725,35368726,35368727,35368728,35368729,35368730,35368731,35368732,35368733,35368734,35368735,35368736,35368737,35368738,35368739,35368740,35368741,35368742,35368743,35368744,35368745,35368746,35368747,35368748,35368749,35368750,35368751,35368752,35368753,35368754,35368755,35368756,35368757,35368758,35368759,35368760,35368761,35368762,35368763,35368764,35368765,35368766,35368767,35368768,35368769,35368770,35368771,35368772,35368773,35368774,35368775,35368776,35368777,35368778,35368779,35368780,35368781,35368782,35368783,35368784,35368785,35368786,35368787,35368788,35368789,35368790,35368791,35368792,35368793,35368794,35368795,35368796,35368797,35368798,35368799,35368800,35368801,35368802,35368803,35368804,35368805,35368806,35368807,35368808,35368809,35368810,35368811,35368812,35368813,35368814,35368815,35368816,35368817,35368818,35368819,35368820,35368821,35368822,35368823,35368824,35368825,35368826,35368827,35368828,35368829,35368830,35368831,35368832,35368833,35368834,35368835,35368836,35368837,35368838,35368839,35368840,35368841,35368842,35368843,35368844,35368845,35368846,35368847,35368848,35368849,35368850,35368851,35368852,35368853,35368854,35368855,35368856,35368857,35368858,35368859,35368860,35368861,35368862,35368863,35368864,35368865,35368866,35368867,35368868,35368869,35368870,35368871,35368872,35368873,35368874,35368875,35368876,35368877,35368878,35368879,35368880,35368881,35368882,35368883,35368884,35368885,35368886,35368887,35368888,35368889,35368890,35368891,35368892,35368893,35368894,35368895,35368896,35368897,35368898,35368899,35368900,35368901,35368902,35368903,35368904,35368905,35368906,35368907,35368908,35368909,35368910,35368911,35368912,35368913,35368914,35368915,35368916,35368917,35368918,35368919,35368920,35368921,35368922,35368923,35368924,35368925,35368926,35368927,35368928,35368929,35368930,35368931,35368932,35368933,35368934,35368935,35368936,35368937,35368938,35368939,35368940,35368941,35368942,35368943,35368944,35368945,35368946,35368947,35368948,35368949,35368950,35368951,35368952,35368953,35368954,35368955,35368956,35368957,35368958,35368959,35368960,35368961,35368962,35368963,35368964,35368965,35368966,35368967,35368968,35368969,35368970,35368971,35368972,35368973,35368974,35368975,35368976,35368977,35368978,35368979,35368980,35368981,35368982,35368983,35368984,35368985,35368986,35368987,35368988,35368989,35368990,35368991,35368992,35368993,35368994,35368995,35368996,35368997,35368998,35368999,35369000,35369001,35369002,35369003,35369004,35369005,35369006,35369007,35369008,35369009,35369010,35369011,35369012,35369013,35369014,35369015,35369016,35369017,35369018,35369019,35369020,35369021,35369022,35369023,35369024,35369025,35369026,35369027,35369028,35369029,35369030,35369031,35369032,35369033,35369034,35369035,35369036,35369037,35369038,35369039,35369040,35369041,35369042,35369043,35369044,35369045,35369046,35369047,35369048,35369049,35369050,35369051,35369052,35369053,35369054,35369055,35369056,35369057,35369058,35369059,35369060,35369061,35369062,35369063,35369064,35369065,35369066,35369067,35369068,35369069,35369070,35369071,35369072,35369073,35369074,35369075,35369076,35369077,35369078,35369079,35369080,35369081,35369082,35369083,35369084,35369085,35369086,35369087,35369088,35369089,35369090,35369091,35369092,35369093,35369094,35369095,35369096,35369097,35369098,35369099,35369100,35369101,35369102,35369103,35369104,35369105,35369106,35369107,35369108,35369109,35369110,35369111,35369112,35369113,35369114,35369115,35369116,35369117,35369118,35369119,35369120,35369121,35369122,35369123,35369124,35369125,35369126,35369127,35369128,35369129,35369130,35369131,35369132,35369133,35369134,35369135,35369136,35369137,35369138,35369139,35369140,35369141,35369142,35369143,35369144,35369145,35369146,35369147,35369148,35369149,35369150,35369151,35369152,35369153,35369154,35369155,35369156,35369157,35369158,35369159,35369160,35369161,35369162,35369163,35369164,35369165,35369166,35369167,35369168,35369169,35369170,35369171,35369172,35369173,35369174,35369175,35369176,35369177,35369178,35369179,35369180,35369181,35369182,35369183,35369184,35369185,35369186,35369187,35369188,35369189,35369190,35369191,35369192,35369193,35369194,35369195,35369196,35369197,35369198,35369199,35369200,35369201,35369202,35369203,35369204,35369205,35369206,35369207,35369208,35369209,35369210,35369211,35369212,35369213,35369214,35369215,35369216,35369217,35369218,35369219,35369220,35369221,35369222,35369223,35369224,35369225,35369226,35369227,35369228,35369229,35369230,35369231,35369232,35369233,35369234,35369235,35369236,35369237,35369238,35369239,35369240,35369241,35369242,35369243,35369244,35369245,35369246,35369247,35369248,35369249,35369250,35369251,35369252,35369253,35369254,35369255,35369256,35369257,35369258,35369259,35369260,35369261,35369262,35369263,35369264,35369265,35369266,35369267,35369268,35369269,35369270,35369271,35369272,35369273,35369274,35369275,35369276,35369277,35369278,35369279,35369280,35369281,35369282,35369283,35369284,35369285,35369286,35369287,35369288,35369289,35369290,35369291,35369292,35369293,35369294,35369295,35369296,35369297,35369298,35369299,35369300,35369301,35369302,35369303,35369304,35369305,35369306,35369307,35369308,35369309,35369310,35369311,35369312,35369313,35369314,35369315,35369316,35369317,35369318,35369319,35369320,35369321,35369322,35369323,35369324,35369325,35369326,35369327,35369328,35369329,35369330,35369331,35369332,35369333,35369334,35369335,35369336,35369337,35369338,35369339,35369340,35369341,35369342,35369343,35369344,35369345,35369346,35369347,35369348,35369349,35369350,35369351,35369352,35369353,35369354,35369355,35369356,35369357,35369358,35369359,35369360,35369361,35369362,35369363,35369364,35369365,35369366,35369367,35369368,35369369,35369370,35369371,35369372,35369373,35369374,35369375,35369376,35369377,35369378,35369379,35369380,35369381,35369382,35369383,35369384,35369385,35369386,35369387,35369388,35369389,35369390,35369391,35369392,35369393,35369394,35369395,35369396,35369397,35369398,35369399,35369400,35369401,35369402,35369403,35369404,35369405,35369406,35369407,35369408,35369409,35369410,35369411,35369412,35369413,35369414,35369415,35369416,35369417,35369418,35369419,35369420,35369421,35369422,35369423,35369424,35369425,35369426,35369427,35369428,35369429,35369430,35369431,35369432,35369433,35369434,35369435,35369436,35369437,35369438,35369439,35369440,35369441,35369442,35369443,35369444,35369445,35369446,35369447,35369448,35369449,35369450,35369451,35369452,35369453,35369454,35369455,35369456,35369457,35369458,35369459,35369460,35369461,35369462,35369463,35369464,35369465,35369466,35369467,35369468,35369469,35369470,35369471,35369472,35369473,35369474,35369475,35369476,35369477,35369478,35369479,35369480,35369481,35369482,35369483,35369484,35369485,35369486,35369487,35369488,35369489,35369490,35369491,35369492,35369493,35369494,35369495,35369496,35369497,35369498,35369499,35369500,35369501,35369502,35369503,35369504,35369505,35369506,35369507,35369508,35369509,35369510,35369511,35369512,35369513,35369514,35369515,35369516,35369517,35369518,35369519,35369520,35369521,35369522,35369523,35369524,35369525,35369526,35369527,35369528,35369529,35369530,35369531,35369532,35369533,35369534,35369535,35369536,35369537,35369538,35369539,35369540,35369541,35369542,35369543,35369544,35369545,35369546,35369547,35369548,35369549,35369550,35369551,35369552,35369553,35369554,35369555,35369556,35369557,35369558,35369559,35369560,35369561,35369562,35369563,35369564,35369565,35369566,35369567,35369568,35369569,35369570,35369571,35369572,35369573,35369574,35369575,35369576,35369577,35369578,35369579,35369580,35369581,35369582,35369583,35369584,35369585,35369586,35369587,35369588,35369589,35369590,35369591,35369592,35369593,35369594,35369595,35369596,35369597,35369598,35369599,35369600,35369601,35369602,35369603,35369604,35369605,35369606,35369607,35369608,35369609,35369610,35369611,35369612,35369613,35369614,35369615,35369616,35369617,35369618,35369619,35369620,35369621,35369622,35369623,35369624,35369625,35369626,35369627,35369628,35369629,35369630,35369631,35369632,35369633,35369634,35369635,35369636,35369637,35369638,35369639,35369640,35369641,35369642,35369643,35369644,35369645,35369646,35369647,35369648,35369649,35369650,35369651,35369652,35369653,35369654,35369655,35369656,35369657,35369658,35369659,35369660,35369661,35369662,35369663,35369664,35369665,35369666,35369667,35369668,35369669,35369670,35369671,35369672,35369673,35369674,35369675,35369676,35369677,35369678,35369679,35369680,35369681,35369682,35369683,35369684,35369685,35369686,35369687,35369688,35369689,35369690,35369691,35369692,35369693,35369694,35369695,35369696,35369697,35369698,35369699,35369700,35369701,35369702,35369703,35369704,35369705,35369706,35369707,35369708,35369709,35369710,35369711,35369712,35369713,35369714,35369715,35369716,35369717,35369718,35369719,35369720,35369721,35369722,35369723,35369724,35369725,35369726,35369727,35369728,35369729,35369730,35369731,35369732,35369733,35369734,35369735,35369736,35369737,35369738,35369739,35369740,35369741,35369742,35369743,35369744,35369745,35369746,35369747,35369748,35369749,35369750,35369751,35369752,35369753,35369754,35369755,35369756,35369757,35369758,35369759,35369760,35369761,35369762,35369763,35369764,35369765,35369766,35369767,35369768,35369769,35369770,35369771,35369772,35369773,35369774,35369775,35369776,35369777,35369778,35369779,35369780,35369781,35369782,35369783,35369784,35369785,35369786,35369787,35369788,35369789,35369790,35369791,35369792,35369793,35369794,35369795,35369796,35369797,35369798,35369799,35369800,35369801,35369802,35369803,35369804,35369805,35369806,35369807,35369808,35369809,35369810,35369811,35369812,35369813,35369814,35369815,35369816,35369817,35369818,35369819,35369820,35369821,35369822,35369823,35369824,35369825,35369826,35369827,35369828,35369829,35369830,35369831,35369832,35369833,35369834,35369835,35369836,35369837,35369838,35369839,35369840,35369841,35369842,35369843,35369844,35369845,35369846,35369847,35369848,35369849,35369850,35369851,35369852,35369853,35369854,35369855,35369856,35369857,35369858,35369859,35369860,35369861,35369862,35369863,35369864,35369865,35369866,35369867,35369868,35369869,35369870,35369871,35369872,35369873,35369874,35369875,35369876,35369877,35369878,35369879,35369880,35369881,35369882,35369883,35369884,35369885,35369886,35369887,35369888,35369889,35369890,35369891,35369892,35369893,35369894,35369895,35369896,35369897,35369898,35369899,35369900,35369901,35369902,35369903,35369904,35369905,35369906,35369907,35369908,35369909,35369910,35369911,35369912,35369913,35369914,35369915,35369916,35369917,35369918,35369919,35369920,35369921,35369922,35369923,35369924,35369925,35369926,35369927,35369928,35369929,35369930,35369931,35369932,35369933,35369934,35369935,35369936,35369937,35369938,35369939,35369940,35369941,35369942,35369943,35369944,35369945,35369946,35369947,35369948,35369949,35369950,35369951,35369952,35369953,35369954,35369955,35369956,35369957,35369958,35369959,35369960,35369961,35369962,35369963,35369964,35369965,35369966,35369967,35369968,35369969,35369970,35369971,35369972,35369973,35369974,35369975,35369976,35369977,35369978,35369979,35369980,35369981,35369982,35369983,35369984,35369985,35369986,35369987,35369988,35369989,35369990,35369991,35369992,35369993,35369994,35369995,35369996,35369997,35369998,35369999,35370000,35370001,35370002,35370003,35370004,35370005,35370006,35370007,35370008,35370009,35370010,35370011,35370012,35370013,35370014,35370015,35370016,35370017,35370018,35370019,35370020,35370021,35370022,35370023,35370024,35370025,35370026,35370027,35370028,35370029,35370030,35370031,35370032,35370033,35370034,35370035,35370036,35370037,35370038,35370039,35370040,35370041,35370042,35370043,35370044,35370045,35370046,35370047,35370048,35370049,35370050,35370051,35370052,35370053,35370054,35370055,35370056,35370057,35370058,35370059,35370060,35370061,35370062,35370063,35370064,35370065,35370066,35370067,35370068,35370069,35370070,35370071,35370072,35370073,35370074,35370075,35370076,35370077,35370078,35370079,35370080,35370081,35370082,35370083,35370084,35370085,35370086,35370087,35370088,35370089,35370090,35370091,35370092,35370093,35370094,35370095,35370096,35370097,35370098,35370099,35370100,35370101,35370102,35370103,35370104,35370105,35370106,35370107,35370108,35370109,35370110,35370111,35370112,35370113,35370114,35370115,35370116,35370117,35370118,35370119,35370120,35370121,35370122,35370123,35370124,35370125,35370126,35370127,35370128,35370129,35370130,35370131,35370132,35370133,35370134,35370135,35370136,35370137,35370138,35370139,35370140,35370141,35370142,35370143,35370144,35370145,35370146,35370147,35370148,35370149,35370150,35370151,35370152,35370153,35370154,35370155,35370156,35370157,35370158,35370159,35370160,35370161,35370162,35370163,35370164,35370165,35370166,35370167,35370168,35370169,35370170,35370171,35370172,35370173,35370174,35370175,35370176,35370177,35370178,35370179,35370180,35370181,35370182,35370183,35370184,35370185,35370186,35370187,35370188,35370189,35370190,35370191,35370192,35370193,35370194,35370195,35370196,35370197,35370198,35370199,35370200,35370201,35370202,35370203,35370204,35370205,35370206,35370207,35370208,35370209,35370210,35370211,35370212,35370213,35370214,35370215,35370216,35370217,35370218,35370219,35370220,35370221,35370222,35370223,35370224,35370225,35370226,35370227,35370228,35370229,35370230,35370231,35370232,35370233,35370234,35370235,35370236,35370237,35370238,35370239,35370240,35370241,35370242,35370243,35370244,35370245,35370246,35370247,35370248,35370249,35370250,35370251,35370252,35370253,35370254,35370255,35370256,35370257,35370258,35370259,35370260,35370261,35370262,35370263,35370264,35370265,35370266,35370267,35370268,35370269,35370270,35370271,35370272,35370273,35370274,35370275,35370276,35370277,35370278,35370279,35370280,35370281,35370282,35370283,35370284,35370285,35370286,35370287,35370288,35370289,35370290,35370291,35370292,35370293,35370294,35370295,35370296,35370297,35370298,35370299,35370300,35370301,35370302,35370303,35370304,35370305,35370306,35370307,35370308,35370309,35370310,35370311,35370312,35370313,35370314,35370315,35370316,35370317,35370318,35370319,35370320,35370321,35370322,35370323,35370324,35370325,35370326,35370327,35370328,35370329,35370330,35370331,35370332,35370333,35370334,35370335,35370336,35370337,35370338,35370339,35370340,35370341,35370342,35370343,35370344,35370345,35370346,35370347,35370348,35370349,35370350,35370351,35370352,35370353,35370354,35370355,35370356,35370357,35370358,35370359,35370360,35370361,35370362,35370363,35370364,35370365,35370366,35370367,35370368,35370369,35370370,35370371,35370372,35370373,35370374,35370375,35370376,35370377,35370378,35370379,35370380,35370381,35370382,35370383,35370384,35370385,35370386,35370387,35370388,35370389,35370390,35370391,35370392,35370393,35370394,35370395,35370396,35370397,35370398,35370399,35370400,35370401,35370402,35370403,35370404,35370405,35370406,35370407,35370408,35370409,35370410,35370411,35370412,35370413,35370414,35370415,35370416,35370417,35370418,35370419,35370420,35370421,35370422,35370423,35370424,35370425,35370426,35370427,35370428,35370429,35370430,35370431,35370432,35370433,35370434,35370435,35370436,35370437,35370438,35370439,35370440,35370441,35370442,35370443,35370444,35370445,35370446,35370447,35370448,35370449,35370450,35370451,35370452,35370453,35370454,35370455,35370456,35370457,35370458,35370459,35370460,35370461,35370462,35370463,35370464,35370465,35370466,35370467,35370468,35370469,35370470,35370471,35370472,35370473,35370474,35370475,35370476,35370477,35370478,35370479,35370480,35370481,35370482,35370483,35370484,35370485,35370486,35370487,35370488,35370489,35370490,35370491,35370492,35370493,35370494,35370495,35370496,35370497,35370498,35370499,35370500,35370501,35370502,35370503,35370504,35370505,35370506,35370507,35370508,35370509,35370510,35370511,35370512,35370513,35370514,35370515,35370516,35370517,35370518,35370519,35370520,35370521,35370522,35370523,35370524,35370525,35370526,35370527,35370528,35370529,35370530,35370531,35370532,35370533,35370534,35370535,35370536,35370537,35370538,35370539,35370540,35370541,35370542,35370543,35370544,35370545,35370546,35370547,35370548,35370549,35370550,35370551,35370552,35370553,35370554,35370555,35370556,35370557,35370558,35370559,35370560,35370561,35370562,35370563,35370564,35370565,35370566,35370567,35370568,35370569,35370570,35370571,35370572,35370573,35370574,35370575,35370576,35370577,35370578,35370579,35370580,35370581,35370582,35370583,35370584,35370585,35370586,35370587,35370588,35370589,35370590,35370591,35370592,35370593,35370594,35370595,35370596,35370597,35370598,35370599,35370600,35370601,35370602,35370603,35370604,35370605,35370606,35370607,35370608,35370609,35370610,35370611,35370612,35370613,35370614,35370615,35370616,35370617,35370618,35370619,35370620,35370621,35370622,35370623,35370624,35370625,35370626,35370627,35370628,35370629,35370630,35370631,35370632,35370633,35370634,35370635,35370636,35370637,35370638,35370639,35370640,35370641,35370642,35370643,35370644,35370645,35370646,35370647,35370648,35370649,35370650,35370651,35370652,35370653,35370654,35370655,35370656,35370657,35370658,35370659,35370660,35370661,35370662,35370663,35370664,35370665,35370666,35370667,35370668,35370669,35370670,35370671,35370672,35370673,35370674,35370675,35370676,35370677,35370678,35370679,35370680,35370681,35370682,35370683,35370684,35370685,35370686,35370687,35370688,35370689,35370690,35370691,35370692,35370693,35370694,35370695,35370696,35370697,35370698,35370699,35370700,35370701,35370702,35370703,35370704,35370705,35370706,35370707,35370708,35370709,35370710,35370711,35370712,35370713,35370714,35370715,35370716,35370717,35370718,35370719,35370720,35370721,35370722,35370723,35370724,35370725,35370726,35370727,35370728,35370729,35370730,35370731,35370732,35370733,35370734,35370735,35370736,35370737,35370738,35370739,35370740,35370741,35370742,35370743,35370744,35370745,35370746,35370747,35370748,35370749,35370750,35370751,35370752,35370753,35370754,35370755,35370756,35370757,35370758,35370759,35370760,35370761,35370762,35370763,35370764,35370765,35370766,35370767,35370768,35370769,35370770,35370771,35370772,35370773,35370774,35370775,35370776,35370777,35370778,35370779,35370780,35370781,35370782,35370783,35370784,35370785,35370786,35370787,35370788,35370789,35370790,35370791,35370792,35370793,35370794,35370795,35370796,35370797,35370798,35370799,35370800,35370801,35370802,35370803,35370804,35370805,35370806,35370807,35370808,35370809,35370810,35370811,35370812,35370813,35370814,35370815,35370816,35370817,35370818,35370819,35370820,35370821,35370822,35370823,35370824,35370825,35370826,35370827,35370828,35370829,35370830,35370831,35370832,35370833,35370834,35370835,35370836,35370837,35370838,35370839,35370840,35370841,35370842,35370843,35370844,35370845,35370846,35370847,35370848,35370849,35370850,35370851,35370852,35370853,35370854,35370855,35370856,35370857,35370858,35370859,35370860,35370861,35370862,35370863,35370864,35370865,35370866,35370867,35370868,35370869,35370870,35370871,35370872,35370873,35370874,35370875,35370876,35370877,35370878,35370879,35370880,35370881,35370882,35370883,35370884,35370885,35370886,35370887,35370888,35370889,35370890,35370891,35370892,35370893,35370894,35370895,35370896,35370897,35370898,35370899,35370900,35370901,35370902,35370903,35370904,35370905,35370906,35370907,35370908,35370909,35370910,35370911,35370912,35370913,35370914,35370915,35370916,35370917,35370918,35370919,35370920,35370921,35370922,35370923,35370924,35370925,35370926,35370927,35370928,35370929,35370930,35370931,35370932,35370933,35370934,35370935,35370936,35370937,35370938,35370939,35370940,35370941,35370942,35370943,35370944,35370945,35370946,35370947,35370948,35370949,35370950,35370951,35370952,35370953,35370954,35370955,35370956,35370957,35370958,35370959,35370960,35370961,35370962,35370963,35370964,35370965,35370966,35370967,35370968,35370969,35370970,35370971,35370972,35370973,35370974,35370975,35370976,35370977,35370978,35370979,35370980,35370981,35370982,35370983,35370984,35370985,35370986,35370987,35370988,35370989,35370990,35370991,35370992,35370993,35370994,35370995,35370996,35370997,35370998,35370999,35371000,35371001,35371002,35371003,35371004,35371005,35371006,35371007,35371008,35371009,35371010,35371011,35371012,35371013,35371014,35371015,35371016,35371017,35371018,35371019,35371020,35371021,35371022,35371023,35371024,35371025,35371026,35371027,35371028,35371029,35371030,35371031,35371032,35371033,35371034,35371035,35371036,35371037,35371038,35371039,35371040,35371041,35371042,35371043,35371044,35371045,35371046,35371047,35371048,35371049,35371050,35371051,35371052,35371053,35371054,35371055,35371056,35371057,35371058,35371059,35371060,35371061,35371062,35371063,35371064,35371065,35371066,35371067,35371068,35371069,35371070,35371071,35371072,35371073,35371074,35371075,35371076,35371077,35371078,35371079,35371080,35371081,35371082,35371083,35371084,35371085,35371086,35371087,35371088,35371089,35371090,35371091,35371092,35371093,35371094,35371095,35371096,35371097,35371098,35371099,35371100,35371101,35371102,35371103,35371104,35371105,35371106,35371107,35371108,35371109,35371110,35371111,35371112,35371113,35371114,35371115,35371116,35371117,35371118,35371119,35371120,35371121,35371122,35371123,35371124,35371125,35371126,35371127,35371128,35371129,35371130,35371131,35371132,35371133,35371134,35371135,35371136,35371137,35371138,35371139,35371140,35371141,35371142,35371143,35371144,35371145,35371146,35371147,35371148,35371149,35371150,35371151,35371152,35371153,35371154,35371155,35371156,35371157,35371158,35371159,35371160,35371161,35371162,35371163,35371164,35371165,35371166,35371167,35371168,35371169,35371170,35371171,35371172,35371173,35371174,35371175,35371176,35371177,35371178,35371179,35371180,35371181,35371182,35371183,35371184,35371185,35371186,35371187,35371188,35371189,35371190,35371191,35371192,35371193,35371194,35371195,35371196,35371197,35371198,35371199,35371200,35371201,35371202,35371203,35371204,35371205,35371206,35371207,35371208,35371209,35371210,35371211,35371212,35371213,35371214,35371215,35371216,35371217,35371218,35371219,35371220,35371221,35371222,35371223,35371224,35371225,35371226,35371227,35371228,35371229,35371230,35371231,35371232,35371233,35371234,35371235,35371236,35371237,35371238,35371239,35371240,35371241,35371242,35371243,35371244,35371245,35371246,35371247,35371248,35371249,35371250,35371251,35371252,35371253,35371254,35371255,35371256,35371257,35371258,35371259,35371260,35371261,35371262,35371263,35371264,35371265,35371266,35371267,35371268,35371269,35371270,35371271,35371272,35371273,35371274,35371275,35371276,35371277,35371278,35371279,35371280,35371281,35371282,35371283,35371284,35371285,35371286,35371287,35371288,35371289,35371290,35371291,35371292,35371293,35371294,35371295,35371296,35371297,35371298,35371299,35371300,35371301,35371302,35371303,35371304,35371305,35371306,35371307,35371308,35371309,35371310,35371311,35371312,35371313,35371314,35371315,35371316,35371317,35371318,35371319,35371320,35371321,35371322,35371323,35371324,35371325,35371326,35371327,35371328,35371329,35371330,35371331,35371332,35371333,35371334,35371335,35371336,35371337,35371338,35371339,35371340,35371341,35371342,35371343,35371344,35371345,35371346,35371347,35371348,35371349,35371350,35371351,35371352,35371353,35371354,35371355,35371356,35371357,35371358,35371359,35371360,35371361,35371362,35371363,35371364,35371365,35371366,35371367,35371368,35371369,35371370,35371371,35371372,35371373,35371374,35371375,35371376,35371377,35371378,35371379,35371380,35371381,35371382,35371383,35371384,35371385,35371386,35371387,35371388,35371389,35371390,35371391,35371392,35371393,35371394,35371395,35371396,35371397,35371398,35371399,35371400,35371401,35371402,35371403,35371404,35371405,35371406,35371407,35371408,35371409,35371410,35371411,35371412,35371413,35371414,35371415,35371416,35371417,35371418,35371419,35371420,35371421,35371422,35371423,35371424,35371425,35371426,35371427,35371428,35371429,35371430,35371431,35371432,35371433,35371434,35371435,35371436,35371437,35371438,35371439,35371440,35371441,35371442,35371443,35371444,35371445,35371446,35371447,35371448,35371449,35371450,35371451,35371452,35371453,35371454,35371455,35371456,35371457,35371458,35371459,35371460,35371461,35371462,35371463,35371464,35371465,35371466,35371467,35371468,35371469,35371470,35371471,35371472,35371473,35371474,35371475,35371476,35371477,35371478,35371479,35371480,35371481,35371482,35371483,35371484,35371485,35371486,35371487,35371488,35371489,35371490,35371491,35371492,35371493,35371494,35371495,35371496,35371497,35371498,35371499,35371500,35371501,35371502,35371503,35371504,35371505,35371506,35371507,35371508,35371509,35371510,35371511,35371512,35371513,35371514,35371515,35371516,35371517,35371518,35371519,35371520,35371521,35371522,35371523,35371524,35371525,35371526,35371527,35371528,35371529,35371530,35371531,35371532,35371533,35371534,35371535,35371536,35371537,35371538,35371539,35371540,35371541,35371542,35371543,35371544,35371545,35371546,35371547,35371548,35371549,35371550,35371551,35371552,35371553,35371554,35371555,35371556,35371557,35371558,35371559,35371560,35371561,35371562,35371563,35371564,35371565,35371566,35371567,35371568,35371569,35371570,35371571,35371572,35371573,35371574,35371575,35371576,35371577,35371578,35371579,35371580,35371581,35371582,35371583,35371584,35371585,35371586,35371587,35371588,35371589,35371590,35371591,35371592,35371593,35371594,35371595,35371596,35371597,35371598,35371599,35371600,35371601,35371602,35371603,35371604,35371605,35371606,35371607,35371608,35371609,35371610,35371611,35371612,35371613,35371614,35371615,35371616,35371617,35371618,35371619,35371620,35371621,35371622,35371623,35371624,35371625,35371626,35371627,35371628,35371629,35371630,35371631,35371632,35371633,35371634,35371635,35371636,35371637,35371638,35371639,35371640,35371641,35371642,35371643,35371644,35371645,35371646,35371647,35371648,35371649,35371650,35371651,35371652,35371653,35371654,35371655,35371656,35371657,35371658,35371659,35371660,35371661,35371662,35371663,35371664,35371665,35371666,35371667,35371668,35371669,35371670,35371671,35371672,35371673,35371674,35371675,35371676,35371677,35371678,35371679,35371680,35371681,35371682,35371683,35371684,35371685,35371686,35371687,35371688,35371689,35371690,35371691,35371692,35371693,35371694,35371695,35371696,35371697,35371698,35371699,35371700,35371701,35371702,35371703,35371704,35371705,35371706,35371707,35371708,35371709,35371710,35371711,35371712,35371713,35371714,35371715,35371716,35371717,35371718,35371719,35371720,35371721,35371722,35371723,35371724,35371725,35371726,35371727,35371728,35371729,35371730,35371731,35371732,35371733,35371734,35371735,35371736,35371737,35371738,35371739,35371740,35371741,35371742,35371743,35371744,35371745,35371746,35371747,35371748,35371749,35371750,35371751,35371752,35371753,35371754,35371755,35371756,35371757,35371758,35371759,35371760,35371761,35371762,35371763,35371764,35371765,35371766,35371767,35371768,35371769,35371770,35371771,35371772,35371773,35371774,35371775,35371776,35371777,35371778,35371779,35371780,35371781,35371782,35371783,35371784,35371785,35371786,35371787,35371788,35371789,35371790,35371791,35371792,35371793,35371794,35371795,35371796,35371797,35371798,35371799,35371800,35371801,35371802,35371803,35371804,35371805,35371806,35371807,35371808,35371809,35371810,35371811,35371812,35371813,35371814,35371815,35371816,35371817,35371818,35371819,35371820,35371821,35371822,35371823,35371824,35371825,35371826,35371827,35371828,35371829,35371830,35371831,35371832,35371833,35371834,35371835,35371836,35371837,35371838,35371839,35371840,35371841,35371842,35371843,35371844,35371845,35371846,35371847,35371848,35371849,35371850,35371851,35371852,35371853,35371854,35371855,35371856,35371857,35371858,35371859,35371860,35371861,35371862,35371863,35371864,35371865,35371866,35371867,35371868,35371869,35371870,35371871,35371872,35371873,35371874,35371875,35371876,35371877,35371878,35371879,35371880,35371881,35371882,35371883,35371884,35371885,35371886,35371887,35371888,35371889,35371890,35371891,35371892,35371893,35371894,35371895,35371896,35371897,35371898,35371899,35371900,35371901,35371902,35371903,35371904,35371905,35371906,35371907,35371908,35371909,35371910,35371911,35371912,35371913,35371914,35371915,35371916,35371917,35371918,35371919,35371920,35371921,35371922,35371923,35371924,35371925,35371926,35371927,35371928,35371929,35371930,35371931,35371932,35371933,35371934,35371935,35371936,35371937,35371938,35371939,35371940,35371941,35371942,35371943,35371944,35371945,35371946,35371947,35371948,35371949,35371950,35371951,35371952,35371953,35371954,35371955,35371956,35371957,35371958,35371959,35371960,35371961,35371962,35371963,35371964,35371965,35371966,35371967,35371968,35371969,35371970,35371971,35371972,35371973,35371974,35371975,35371976,35371977,35371978,35371979,35371980,35371981,35371982,35371983,35371984,35371985,35371986,35371987,35371988,35371989,35371990,35371991,35371992,35371993,35371994,35371995,35371996,35371997,35371998,35371999,35372000,35372001,35372002,35372003,35372004,35372005,35372006,35372007,35372008,35372009,35372010,35372011,35372012,35372013,35372014,35372015,35372016,35372017,35372018,35372019,35372020,35372021,35372022,35372023,35372024,35372025,35372026,35372027,35372028,35372029,35372030,35372031,35372032,35372033,35372034,35372035,35372036,35372037,35372038,35372039,35372040,35372041,35372042,35372043,35372044,35372045,35372046,35372047,35372048,35372049,35372050,35372051,35372052,35372053,35372054,35372055,35372056,35372057,35372058,35372059,35372060,35372061,35372062,35372063,35372064,35372065,35372066,35372067,35372068,35372069,35372070,35372071,35372072,35372073,35372074,35372075,35372076,35372077,35372078,35372079,35372080,35372081,35372082,35372083,35372084,35372085,35372086,35372087,35372088,35372089,35372090,35372091,35372092,35372093,35372094,35372095,35372096,35372097,35372098,35372099,35372100,35372101,35372102,35372103,35372104,35372105,35372106,35372107,35372108,35372109,35372110,35372111,35372112,35372113,35372114,35372115,35372116,35372117,35372118,35372119,35372120,35372121,35372122,35372123,35372124,35372125,35372126,35372127,35372128,35372129,35372130,35372131,35372132,35372133,35372134,35372135,35372136,35372137,35372138,35372139,35372140,35372141,35372142,35372143,35372144,35372145,35372146,35372147,35372148,35372149,35372150,35372151,35372152,35372153,35372154,35372155,35372156,35372157,35372158,35372159,35372160,35372161,35372162,35372163,35372164,35372165,35372166,35372167,35372168,35372169,35372170,35372171,35372172,35372173,35372174,35372175,35372176,35372177,35372178,35372179,35372180,35372181,35372182,35372183,35372184,35372185,35372186,35372187,35372188,35372189,35372190,35372191,35372192,35372193,35372194,35372195,35372196,35372197,35372198,35372199,35372200,35372201,35372202,35372203,35372204,35372205,35372206,35372207,35372208,35372209,35372210,35372211,35372212,35372213,35372214,35372215,35372216,35372217,35372218,35372219,35372220,35372221,35372222,35372223,35372224,35372225,35372226,35372227,35372228,35372229,35372230,35372231,35372232,35372233,35372234,35372235,35372236,35372237,35372238,35372239,35372240,35372241,35372242,35372243,35372244,35372245,35372246,35372247,35372248,35372249,35372250,35372251,35372252,35372253,35372254,35372255,35372256,35372257,35372258,35372259,35372260,35372261,35372262,35372263,35372264,35372265,35372266,35372267,35372268,35372269,35372270,35372271,35372272,35372273,35372274,35372275,35372276,35372277,35372278,35372279,35372280,35372281,35372282,35372283,35372284,35372285,35372286,35372287,35372288,35372289,35372290,35372291,35372292,35372293,35372294,35372295,35372296,35372297,35372298,35372299,35372300,35372301,35372302,35372303,35372304,35372305,35372306,35372307,35372308,35372309,35372310,35372311,35372312,35372313,35372314,35372315,35372316,35372317,35372318,35372319,35372320,35372321,35372322,35372323,35372324,35372325,35372326,35372327,35372328,35372329,35372330,35372331,35372332,35372333,35372334,35372335,35372336,35372337,35372338,35372339,35372340,35372341,35372342,35372343,35372344,35372345,35372346,35372347,35372348,35372349,35372350,35372351,35372352,35372353,35372354,35372355,35372356,35372357,35372358,35372359,35372360,35372361,35372362,35372363,35372364,35372365,35372366,35372367,35372368,35372369,35372370,35372371,35372372,35372373,35372374,35372375,35372376,35372377,35372378,35372379,35372380,35372381,35372382,35372383,35372384,35372385,35372386,35372387,35372388,35372389,35372390,35372391,35372392,35372393,35372394,35372395,35372396,35372397,35372398,35372399,35372400,35372401,35372402,35372403,35372404,35372405,35372406,35372407,35372408,35372409,35372410,35372411,35372412,35372413,35372414,35372415,35372416,35372417,35372418,35372419,35372420,35372421,35372422,35372423,35372424,35372425,35372426,35372427,35372428,35372429,35372430,35372431,35372432,35372433,35372434,35372435,35372436,35372437,35372438,35372439,35372440,35372441,35372442,35372443,35372444,35372445,35372446,35372447,35372448,35372449,35372450,35372451,35372452,35372453,35372454,35372455,35372456,35372457,35372458,35372459,35372460,35372461,35372462,35372463,35372464,35372465,35372466,35372467,35372468,35372469,35372470,35372471,35372472,35372473,35372474,35372475,35372476,35372477,35372478,35372479,35372480,35372481,35372482,35372483,35372484,35372485,35372486,35372487,35372488,35372489,35372490,35372491,35372492,35372493,35372494,35372495,35372496,35372497,35372498,35372499,35372500,35372501,35372502,35372503,35372504,35372505,35372506,35372507,35372508,35372509,35372510,35372511,35372512,35372513,35372514,35372515,35372516,35372517,35372518,35372519,35372520,35372521,35372522,35372523,35372524,35372525,35372526,35372527,35372528,35372529,35372530,35372531,35372532,35372533,35372534,35372535,35372536,35372537,35372538,35372539,35372540,35372541,35372542,35372543,35372544,35372545,35372546,35372547,35372548,35372549,35372550,35372551,35372552,35372553,35372554,35372555,35372556,35372557,35372558,35372559,35372560,35372561,35372562,35372563,35372564,35372565,35372566,35372567,35372568,35372569,35372570,35372571,35372572,35372573,35372574,35372575,35372576,35372577,35372578,35372579,35372580,35372581,35372582,35372583,35372584,35372585,35372586,35372587,35372588,35372589,35372590,35372591,35372592,35372593,35372594,35372595,35372596,35372597,35372598,35372599,35372600,35372601,35372602,35372603,35372604,35372605,35372606,35372607,35372608,35372609,35372610,35372611,35372612,35372613,35372614,35372615,35372616,35372617,35372618,35372619,35372620,35372621,35372622,35372623,35372624,35372625,35372626,35372627,35372628,35372629,35372630,35372631,35372632,35372633,35372634,35372635,35372636,35372637,35372638,35372639,35372640,35372641,35372642,35372643,35372644,35372645,35372646,35372647,35372648,35372649,35372650,35372651,35372652,35372653,35372654,35372655,35372656,35372657,35372658,35372659,35372660,35372661,35372662,35372663,35372664,35372665,35372666,35372667,35372668,35372669,35372670,35372671,35372672,35372673,35372674,35372675,35372676,35372677,35372678,35372679,35372680,35372681,35372682,35372683,35372684,35372685,35372686,35372687,35372688,35372689,35372690,35372691,35372692,35372693,35372694,35372695,35372696,35372697,35372698,35372699,35372700,35372701,35372702,35372703,35372704,35372705,35372706,35372707,35372708,35372709,35372710,35372711,35372712,35372713,35372714,35372715,35372716,35372717,35372718,35372719,35372720,35372721,35372722,35372723,35372724,35372725,35372726,35372727,35372728,35372729,35372730,35372731,35372732,35372733,35372734,35372735,35372736,35372737,35372738,35372739,35372740,35372741,35372742,35372743,35372744,35372745,35372746,35372747,35372748,35372749,35372750,35372751,35372752,35372753,35372754,35372755,35372756,35372757,35372758,35372759,35372760,35372761,35372762,35372763,35372764,35372765,35372766,35372767,35372768,35372769,35372770,35372771,35372772,35372773,35372774,35372775,35372776,35372777,35372778,35372779,35372780,35372781,35372782,35372783,35372784,35372785,35372786,35372787,35372788,35372789,35372790,35372791,35372792,35372793,35372794,35372795,35372796,35372797,35372798,35372799,35372800,35372801,35372802,35372803,35372804,35372805,35372806,35372807,35372808,35372809,35372810,35372811,35372812,35372813,35372814,35372815,35372816,35372817,35372818,35372819,35372820,35372821,35372822,35372823,35372824,35372825,35372826,35372827,35372828,35372829,35372830,35372831,35372832,35372833,35372834,35372835,35372836,35372837,35372838,35372839,35372840,35372841,35372842,35372843,35372844,35372845,35372846,35372847,35372848,35372849,35372850,35372851,35372852,35372853,35372854,35372855,35372856,35372857,35372858,35372859,35372860,35372861,35372862,35372863,35372864,35372865,35372866,35372867,35372868,35372869,35372870,35372871,35372872,35372873,35372874,35372875,35372876,35372877,35372878,35372879,35372880,35372881,35372882,35372883,35372884,35372885,35372886,35372887,35372888,35372889,35372890,35372891,35372892,35372893,35372894,35372895,35372896,35372897,35372898,35372899,35372900,35372901,35372902,35372903,35372904,35372905,35372906,35372907,35372908,35372909,35372910,35372911,35372912,35372913,35372914,35372915,35372916,35372917,35372918,35372919,35372920,35372921,35372922,35372923,35372924,35372925,35372926,35372927,35372928,35372929,35372930,35372931,35372932,35372933,35372934,35372935,35372936,35372937,35372938,35372939,35372940,35372941,35372942,35372943,35372944,35372945,35372946,35372947,35372948,35372949,35372950,35372951,35372952,35372953,35372954,35372955,35372956,35372957,35372958,35372959,35372960,35372961,35372962,35372963,35372964,35372965,35372966,35372967,35372968,35372969,35372970,35372971,35372972,35372973,35372974,35372975,35372976,35372977,35372978,35372979,35372980,35372981,35372982,35372983,35372984,35372985,35372986,35372987,35372988,35372989,35372990,35372991,35372992,35372993,35372994,35372995,35372996,35372997,35372998,35372999,35373000,35373001,35373002,35373003,35373004,35373005,35373006,35373007,35373008,35373009,35373010,35373011,35373012,35373013,35373014,35373015,35373016,35373017,35373018,35373019,35373020,35373021,35373022,35373023,35373024,35373025,35373026,35373027,35373028,35373029,35373030,35373031,35373032,35373033,35373034,35373035,35373036,35373037,35373038,35373039,35373040,35373041,35373042,35373043,35373044,35373045,35373046,35373047,35373048,35373049,35373050,35373051,35373052,35373053,35373054,35373055,35373056,35373057,35373058,35373059,35373060,35373061,35373062,35373063,35373064,35373065,35373066,35373067,35373068,35373069,35373070,35373071,35373072,35373073,35373074,35373075,35373076,35373077,35373078,35373079,35373080,35373081,35373082,35373083,35373084,35373085,35373086,35373087,35373088,35373089,35373090,35373091,35373092,35373093,35373094,35373095,35373096,35373097,35373098,35373099,35373100,35373101,35373102,35373103,35373104,35373105,35373106,35373107,35373108,35373109,35373110,35373111,35373112,35373113,35373114,35373115,35373116,35373117,35373118,35373119,35373120,35373121,35373122,35373123,35373124,35373125,35373126,35373127,35373128,35373129,35373130,35373131,35373132,35373133,35373134,35373135,35373136,35373137,35373138,35373139,35373140,35373141,35373142,35373143,35373144,35373145,35373146,35373147,35373148,35373149,35373150,35373151,35373152,35373153,35373154,35373155,35373156,35373157,35373158,35373159,35373160,35373161,35373162,35373163,35373164,35373165,35373166,35373167,35373168,35373169,35373170,35373171,35373172,35373173,35373174,35373175,35373176,35373177,35373178,35373179,35373180,35373181,35373182,35373183,35373184,35373185,35373186,35373187,35373188,35373189,35373190,35373191,35373192,35373193,35373194,35373195,35373196,35373197,35373198,35373199,35373200,35373201,35373202,35373203,35373204,35373205,35373206,35373207,35373208,35373209,35373210,35373211,35373212,35373213,35373214,35373215,35373216,35373217,35373218,35373219,35373220,35373221,35373222,35373223,35373224,35373225,35373226,35373227,35373228,35373229,35373230,35373231,35373232,35373233,35373234,35373235,35373236,35373237,35373238,35373239,35373240,35373241,35373242,35373243,35373244,35373245,35373246,35373247,35373248,35373249,35373250,35373251,35373252,35373253,35373254,35373255,35373256,35373257,35373258,35373259,35373260,35373261,35373262,35373263,35373264,35373265,35373266,35373267,35373268,35373269,35373270,35373271,35373272,35373273,35373274,35373275,35373276,35373277,35373278,35373279,35373280,35373281,35373282,35373283,35373284,35373285,35373286,35373287,35373288,35373289,35373290,35373291,35373292,35373293,35373294,35373295,35373296,35373297,35373298,35373299,35373300,35373301,35373302,35373303,35373304,35373305,35373306,35373307,35373308,35373309,35373310,35373311,35373312,35373313,35373314,35373315,35373316,35373317,35373318,35373319,35373320,35373321,35373322,35373323,35373324,35373325,35373326,35373327,35373328,35373329,35373330,35373331,35373332,35373333,35373334,35373335,35373336,35373337,35373338,35373339,35373340,35373341,35373342,35373343,35373344,35373345,35373346,35373347,35373348,35373349,35373350,35373351,35373352,35373353,35373354,35373355,35373356,35373357,35373358,35373359,35373360,35373361,35373362,35373363,35373364,35373365,35373366,35373367,35373368,35373369,35373370,35373371,35373372,35373373,35373374,35373375,35373376,35373377,35373378,35373379,35373380,35373381,35373382,35373383,35373384,35373385,35373386,35373387,35373388,35373389,35373390,35373391,35373392,35373393,35373394,35373395,35373396,35373397,35373398,35373399,35373400,35373401,35373402,35373403,35373404,35373405,35373406,35373407,35373408,35373409,35373410,35373411,35373412,35373413,35373414,35373415,35373416,35373417,35373418,35373419,35373420,35373421,35373422,35373423,35373424,35373425,35373426,35373427,35373428,35373429,35373430,35373431,35373432,35373433,35373434,35373435,35373436,35373437,35373438,35373439,35373440,35373441,35373442,35373443,35373444,35373445,35373446,35373447,35373448,35373449,35373450,35373451,35373452,35373453,35373454,35373455,35373456,35373457,35373458,35373459,35373460,35373461,35373462,35373463,35373464,35373465,35373466,35373467,35373468,35373469,35373470,35373471,35373472,35373473,35373474,35373475,35373476,35373477,35373478,35373479,35373480,35373481,35373482,35373483,35373484,35373485,35373486,35373487,35373488,35373489,35373490,35373491,35373492,35373493,35373494,35373495,35373496,35373497,35373498,35373499,35373500,35373501,35373502,35373503,35373504,35373505,35373506,35373507,35373508,35373509,35373510,35373511,35373512,35373513,35373514,35373515,35373516,35373517,35373518,35373519,35373520,35373521,35373522,35373523,35373524,35373525,35373526,35373527,35373528,35373529,35373530,35373531,35373532,35373533,35373534,35373535,35373536,35373537,35373538,35373539,35373540,35373541,35373542,35373543,35373544,35373545,35373546,35373547,35373548,35373549,35373550,35373551,35373552,35373553,35373554,35373555,35373556,35373557,35373558,35373559,35373560,35373561,35373562,35373563,35373564,35373565,35373566,35373567,35373568,35373569,35373570,35373571,35373572,35373573,35373574,35373575,35373576,35373577,35373578,35373579,35373580,35373581,35373582,35373583,35373584,35373585,35373586,35373587,35373588,35373589,35373590,35373591,35373592,35373593,35373594,35373595,35373596,35373597,35373598,35373599,35373600,35373601,35373602,35373603,35373604,35373605,35373606,35373607,35373608,35373609,35373610,35373611,35373612,35373613,35373614,35373615,35373616,35373617,35373618,35373619,35373620,35373621,35373622,35373623,35373624,35373625,35373626,35373627,35373628,35373629,35373630,35373631,35373632,35373633,35373634,35373635,35373636,35373637,35373638,35373639,35373640,35373641,35373642,35373643,35373644,35373645,35373646,35373647,35373648,35373649,35373650,35373651,35373652,35373653,35373654,35373655,35373656,35373657,35373658,35373659,35373660,35373661,35373662,35373663,35373664,35373665,35373666,35373667,35373668,35373669,35373670,35373671,35373672,35373673,35373674,35373675,35373676,35373677,35373678,35373679,35373680,35373681,35373682,35373683,35373684,35373685,35373686,35373687,35373688,35373689,35373690,35373691,35373692,35373693,35373694,35373695,35373696,35373697,35373698,35373699,35373700,35373701,35373702,35373703,35373704,35373705,35373706,35373707,35373708,35373709,35373710,35373711,35373712,35373713,35373714,35373715,35373716,35373717,35373718,35373719,35373720,35373721,35373722,35373723,35373724,35373725,35373726,35373727,35373728,35373729,35373730,35373731,35373732,35373733,35373734,35373735,35373736,35373737,35373738,35373739,35373740,35373741,35373742,35373743,35373744,35373745,35373746,35373747,35373748,35373749,35373750,35373751,35373752,35373753,35373754,35373755,35373756,35373757,35373758,35373759,35373760,35373761,35373762,35373763,35373764,35373765,35373766,35373767,35373768,35373769,35373770,35373771,35373772,35373773,35373774,35373775,35373776,35373777,35373778,35373779,35373780,35373781,35373782,35373783,35373784,35373785,35373786,35373787,35373788,35373789,35373790,35373791,35373792,35373793,35373794,35373795,35373796,35373797,35373798,35373799,35373800,35373801,35373802,35373803,35373804,35373805,35373806,35373807,35373808,35373809,35373810,35373811,35373812,35373813,35373814,35373815,35373816,35373817,35373818,35373819,35373820,35373821,35373822,35373823,35373824,35373825,35373826,35373827,35373828,35373829,35373830,35373831,35373832,35373833,35373834,35373835,35373836,35373837,35373838,35373839,35373840,35373841,35373842,35373843,35373844,35373845,35373846,35373847,35373848,35373849,35373850,35373851,35373852,35373853,35373854,35373855,35373856,35373857,35373858,35373859,35373860,35373861,35373862,35373863,35373864,35373865,35373866,35373867,35373868,35373869,35373870,35373871,35373872,35373873,35373874,35373875,35373876,35373877,35373878,35373879,35373880,35373881,35373882,35373883,35373884,35373885,35373886,35373887,35373888,35373889,35373890,35373891,35373892,35373893,35373894,35373895,35373896,35373897,35373898,35373899,35373900,35373901,35373902,35373903,35373904,35373905,35373906,35373907,35373908,35373909,35373910,35373911,35373912,35373913,35373914,35373915,35373916,35373917,35373918,35373919,35373920,35373921,35373922,35373923,35373924,35373925,35373926,35373927,35373928,35373929,35373930,35373931,35373932,35373933,35373934,35373935,35373936,35373937,35373938,35373939,35373940,35373941,35373942,35373943,35373944,35373945,35373946,35373947,35373948,35373949,35373950,35373951,35373952,35373953,35373954,35373955,35373956,35373957,35373958,35373959,35373960,35373961,35373962,35373963,35373964,35373965,35373966,35373967,35373968,35373969,35373970,35373971,35373972,35373973,35373974,35373975,35373976,35373977,35373978,35373979,35373980,35373981,35373982,35373983,35373984,35373985,35373986,35373987,35373988,35373989,35373990,35373991,35373992,35373993,35373994,35373995,35373996,35373997,35373998,35373999,35374000,35374001,35374002,35374003,35374004,35374005,35374006,35374007,35374008,35374009,35374010,35374011,35374012,35374013,35374014,35374015,35374016,35374017,35374018,35374019,35374020,35374021,35374022,35374023,35374024,35374025,35374026,35374027,35374028,35374029,35374030,35374031,35374032,35374033,35374034,35374035,35374036,35374037,35374038,35374039,35374040,35374041,35374042,35374043,35374044,35374045,35374046,35374047,35374048,35374049,35374050,35374051,35374052,35374053,35374054,35374055,35374056,35374057,35374058,35374059,35374060,35374061,35374062,35374063,35374064,35374065,35374066,35374067,35374068,35374069,35374070,35374071,35374072,35374073,35374074,35374075,35374076,35374077,35374078,35374079,35374080,35374081,35374082,35374083,35374084,35374085,35374086,35374087,35374088,35374089,35374090,35374091,35374092,35374093,35374094,35374095,35374096,35374097,35374098,35374099,35374100,35374101,35374102,35374103,35374104,35374105,35374106,35374107,35374108,35374109,35374110,35374111,35374112,35374113,35374114,35374115,35374116,35374117,35374118,35374119,35374120,35374121,35374122,35374123,35374124,35374125,35374126,35374127,35374128,35374129,35374130,35374131,35374132,35374133,35374134,35374135,35374136,35374137,35374138,35374139,35374140,35374141,35374142,35374143,35374144,35374145,35374146,35374147,35374148,35374149,35374150,35374151,35374152,35374153,35374154,35374155,35374156,35374157,35374158,35374159,35374160,35374161,35374162,35374163,35374164,35374165,35374166,35374167,35374168,35374169,35374170,35374171,35374172,35374173,35374174,35374175,35374176,35374177,35374178,35374179,35374180,35374181,35374182,35374183,35374184,35374185,35374186,35374187,35374188,35374189,35374190,35374191,35374192,35374193,35374194,35374195,35374196,35374197,35374198,35374199,35374200,35374201,35374202,35374203,35374204,35374205,35374206,35374207,35374208,35374209,35374210,35374211,35374212,35374213,35374214,35374215,35374216,35374217,35374218,35374219,35374220,35374221,35374222,35374223,35374224,35374225,35374226,35374227,35374228,35374229,35374230,35374231,35374232,35374233,35374234,35374235,35374236,35374237,35374238,35374239,35374240,35374241,35374242,35374243,35374244,35374245,35374246,35374247,35374248,35374249,35374250,35374251,35374252,35374253,35374254,35374255,35374256,35374257,35374258,35374259,35374260,35374261,35374262,35374263,35374264,35374265,35374266,35374267,35374268,35374269,35374270,35374271,35374272,35374273,35374274,35374275,35374276,35374277,35374278,35374279,35374280,35374281,35374282,35374283,35374284,35374285,35374286,35374287,35374288,35374289,35374290,35374291,35374292,35374293,35374294,35374295,35374296,35374297,35374298,35374299,35374300,35374301,35374302,35374303,35374304,35374305,35374306,35374307,35374308,35374309,35374310,35374311,35374312,35374313,35374314,35374315,35374316,35374317,35374318,35374319,35374320,35374321,35374322,35374323,35374324,35374325,35374326,35374327,35374328,35374329,35374330,35374331,35374332,35374333,35374334,35374335,35374336,35374337,35374338,35374339,35374340,35374341,35374342,35374343,35374344,35374345,35374346,35374347,35374348,35374349,35374350,35374351,35374352,35374353,35374354,35374355,35374356,35374357,35374358,35374359,35374360,35374361,35374362,35374363,35374364,35374365,35374366,35374367,35374368,35374369,35374370,35374371,35374372,35374373,35374374,35374375,35374376,35374377,35374378,35374379,35374380,35374381,35374382,35374383,35374384,35374385,35374386,35374387,35374388,35374389,35374390,35374391,35374392,35374393,35374394,35374395,35374396,35374397,35374398,35374399,35374400,35374401,35374402,35374403,35374404,35374405,35374406,35374407,35374408,35374409,35374410,35374411,35374412,35374413,35374414,35374415,35374416,35374417,35374418,35374419,35374420,35374421,35374422,35374423,35374424,35374425,35374426,35374427,35374428,35374429,35374430,35374431,35374432,35374433,35374434,35374435,35374436,35374437,35374438,35374439,35374440,35374441,35374442,35374443,35374444,35374445,35374446,35374447,35374448,35374449,35374450,35374451,35374452,35374453,35374454,35374455,35374456,35374457,35374458,35374459,35374460,35374461,35374462,35374463,35374464,35374465,35374466,35374467,35374468,35374469,35374470,35374471,35374472,35374473,35374474,35374475,35374476,35374477,35374478,35374479,35374480,35374481,35374482,35374483,35374484,35374485,35374486,35374487,35374488,35374489,35374490,35374491,35374492,35374493,35374494,35374495,35374496,35374497,35374498,35374499,35374500,35374501,35374502,35374503,35374504,35374505,35374506,35374507,35374508,35374509,35374510,35374511,35374512,35374513,35374514,35374515,35374516,35374517,35374518,35374519,35374520,35374521,35374522,35374523,35374524,35374525,35374526,35374527,35374528,35374529,35374530,35374531,35374532,35374533,35374534,35374535,35374536,35374537,35374538,35374539,35374540,35374541,35374542,35374543,35374544,35374545,35374546,35374547,35374548,35374549,35374550,35374551,35374552,35374553,35374554,35374555,35374556,35374557,35374558,35374559,35374560,35374561,35374562,35374563,35374564,35374565,35374566,35374567,35374568,35374569,35374570,35374571,35374572,35374573,35374574,35374575,35374576,35374577,35374578,35374579,35374580,35374581,35374582,35374583,35374584,35374585,35374586,35374587,35374588,35374589,35374590,35374591,35374592,35374593,35374594,35374595,35374596,35374597,35374598,35374599,35374600,35374601,35374602,35374603,35374604,35374605,35374606,35374607,35374608,35374609,35374610,35374611,35374612,35374613,35374614,35374615,35374616,35374617,35374618,35374619,35374620,35374621,35374622,35374623,35374624,35374625,35374626,35374627,35374628,35374629,35374630,35374631,35374632,35374633,35374634,35374635,35374636,35374637,35374638,35374639,35374640,35374641,35374642,35374643,35374644,35374645,35374646,35374647,35374648,35374649,35374650,35374651,35374652,35374653,35374654,35374655,35374656,35374657,35374658,35374659,35374660,35374661,35374662,35374663,35374664,35374665,35374666,35374667,35374668,35374669,35374670,35374671,35374672,35374673,35374674,35374675,35374676,35374677,35374678,35374679,35374680,35374681,35374682,35374683,35374684,35374685,35374686,35374687,35374688,35374689,35374690,35374691,35374692,35374693,35374694,35374695,35374696,35374697,35374698,35374699,35374700,35374701,35374702,35374703,35374704,35374705,35374706,35374707,35374708,35374709,35374710,35374711,35374712,35374713,35374714,35374715,35374716,35374717,35374718,35374719,35374720,35374721,35374722,35374723,35374724,35374725,35374726,35374727,35374728,35374729,35374730,35374731,35374732,35374733,35374734,35374735,35374736,35374737,35374738,35374739,35374740,35374741,35374742,35374743,35374744,35374745,35374746,35374747,35374748,35374749,35374750,35374751,35374752,35374753,35374754,35374755,35374756,35374757,35374758,35374759,35374760,35374761,35374762,35374763,35374764,35374765,35374766,35374767,35374768,35374769,35374770,35374771,35374772,35374773,35374774,35374775,35374776,35374777,35374778,35374779,35374780,35374781,35374782,35374783,35374784,35374785,35374786,35374787,35374788,35374789,35374790,35374791,35374792,35374793,35374794,35374795,35374796,35374797,35374798,35374799,35374800,35374801,35374802,35374803,35374804,35374805,35374806,35374807,35374808,35374809,35374810,35374811,35374812,35374813,35374814,35374815,35374816,35374817,35374818,35374819,35374820,35374821,35374822,35374823,35374824,35374825,35374826,35374827,35374828,35374829,35374830,35374831,35374832,35374833,35374834,35374835,35374836,35374837,35374838,35374839,35374840,35374841,35374842,35374843,35374844,35374845,35374846,35374847,35374848,35374849,35374850,35374851,35374852,35374853,35374854,35374855,35374856,35374857,35374858,35374859,35374860,35374861,35374862,35374863,35374864,35374865,35374866,35374867,35374868,35374869,35374870,35374871,35374872,35374873,35374874,35374875,35374876,35374877,35374878,35374879,35374880,35374881,35374882,35374883,35374884,35374885,35374886,35374887,35374888,35374889,35374890,35374891,35374892,35374893,35374894,35374895,35374896,35374897,35374898,35374899,35374900,35374901,35374902,35374903,35374904,35374905,35374906,35374907,35374908,35374909,35374910,35374911,35374912,35374913,35374914,35374915,35374916,35374917,35374918,35374919,35374920,35374921,35374922,35374923,35374924,35374925,35374926,35374927,35374928,35374929,35374930,35374931,35374932,35374933,35374934,35374935,35374936,35374937,35374938,35374939,35374940,35374941,35374942,35374943,35374944,35374945,35374946,35374947,35374948,35374949,35374950,35374951,35374952,35374953,35374954,35374955,35374956,35374957,35374958,35374959,35374960,35374961,35374962,35374963,35374964,35374965,35374966,35374967,35374968,35374969,35374970,35374971,35374972,35374973,35374974,35374975,35374976,35374977,35374978,35374979,35374980,35374981,35374982,35374983,35374984,35374985,35374986,35374987,35374988,35374989,35374990,35374991,35374992,35374993,35374994,35374995,35374996,35374997,35374998,35374999,35375000,35375001,35375002,35375003,35375004,35375005,35375006,35375007,35375008,35375009,35375010,35375011,35375012,35375013,35375014,35375015,35375016,35375017,35375018,35375019,35375020,35375021,35375022,35375023,35375024,35375025,35375026,35375027,35375028,35375029,35375030,35375031,35375032,35375033,35375034,35375035,35375036,35375037,35375038,35375039,35375040,35375041,35375042,35375043,35375044,35375045,35375046,35375047,35375048,35375049,35375050,35375051,35375052,35375053,35375054,35375055,35375056,35375057,35375058,35375059,35375060,35375061,35375062,35375063,35375064,35375065,35375066,35375067,35375068,35375069,35375070,35375071,35375072,35375073,35375074,35375075,35375076,35375077,35375078,35375079,35375080,35375081,35375082,35375083,35375084,35375085,35375086,35375087,35375088,35375089,35375090,35375091,35375092,35375093,35375094,35375095,35375096,35375097,35375098,35375099,35375100,35375101,35375102,35375103,35375104,35375105,35375106,35375107,35375108,35375109,35375110,35375111,35375112,35375113,35375114,35375115,35375116,35375117,35375118,35375119,35375120,35375121,35375122,35375123,35375124,35375125,35375126,35375127,35375128,35375129,35375130,35375131,35375132,35375133,35375134,35375135,35375136,35375137,35375138,35375139,35375140,35375141,35375142,35375143,35375144,35375145,35375146,35375147,35375148,35375149,35375150,35375151,35375152,35375153,35375154,35375155,35375156,35375157,35375158,35375159,35375160,35375161,35375162,35375163,35375164,35375165,35375166,35375167,35375168,35375169,35375170,35375171,35375172,35375173,35375174,35375175,35375176,35375177,35375178,35375179,35375180,35375181,35375182,35375183,35375184,35375185,35375186,35375187,35375188,35375189,35375190,35375191,35375192,35375193,35375194,35375195,35375196,35375197,35375198,35375199,35375200,35375201,35375202,35375203,35375204,35375205,35375206,35375207,35375208,35375209,35375210,35375211,35375212,35375213,35375214,35375215,35375216,35375217,35375218,35375219,35375220,35375221,35375222,35375223,35375224,35375225,35375226,35375227,35375228,35375229,35375230,35375231,35375232,35375233,35375234,35375235,35375236,35375237,35375238,35375239,35375240,35375241,35375242,35375243,35375244,35375245,35375246,35375247,35375248,35375249,35375250,35375251,35375252,35375253,35375254,35375255,35375256,35375257,35375258,35375259,35375260,35375261,35375262,35375263,35375264,35375265,35375266,35375267,35375268,35375269,35375270,35375271,35375272,35375273,35375274,35375275,35375276,35375277,35375278,35375279,35375280,35375281,35375282,35375283,35375284,35375285,35375286,35375287,35375288,35375289,35375290,35375291,35375292,35375293,35375294,35375295,35375296,35375297,35375298,35375299,35375300,35375301,35375302,35375303,35375304,35375305,35375306,35375307,35375308,35375309,35375310,35375311,35375312,35375313,35375314,35375315,35375316,35375317,35375318,35375319,35375320,35375321,35375322,35375323,35375324,35375325,35375326,35375327,35375328,35375329,35375330,35375331,35375332,35375333,35375334,35375335,35375336,35375337,35375338,35375339,35375340,35375341,35375342,35375343,35375344,35375345,35375346,35375347,35375348,35375349,35375350,35375351,35375352,35375353,35375354,35375355,35375356,35375357,35375358,35375359,35375360,35375361,35375362,35375363,35375364,35375365,35375366,35375367,35375368,35375369,35375370,35375371,35375372,35375373,35375374,35375375,35375376,35375377,35375378,35375379,35375380,35375381,35375382,35375383,35375384,35375385,35375386,35375387,35375388,35375389,35375390,35375391,35375392,35375393,35375394,35375395,35375396,35375397,35375398,35375399,35375400,35375401,35375402,35375403,35375404,35375405,35375406,35375407,35375408,35375409,35375410,35375411,35375412,35375413,35375414,35375415,35375416,35375417,35375418,35375419,35375420,35375421,35375422,35375423,35375424,35375425,35375426,35375427,35375428,35375429,35375430,35375431,35375432,35375433,35375434,35375435,35375436,35375437,35375438,35375439,35375440,35375441,35375442,35375443,35375444,35375445,35375446,35375447,35375448,35375449,35375450,35375451,35375452,35375453,35375454,35375455,35375456,35375457,35375458,35375459,35375460,35375461,35375462,35375463,35375464,35375465,35375466,35375467,35375468,35375469,35375470,35375471,35375472,35375473,35375474,35375475,35375476,35375477,35375478,35375479,35375480,35375481,35375482,35375483,35375484,35375485,35375486,35375487,35375488,35375489,35375490,35375491,35375492,35375493,35375494,35375495,35375496,35375497,35375498,35375499,35375500,35375501,35375502,35375503,35375504,35375505,35375506,35375507,35375508,35375509,35375510,35375511,35375512,35375513,35375514,35375515,35375516,35375517,35375518,35375519,35375520,35375521,35375522,35375523,35375524,35375525,35375526,35375527,35375528,35375529,35375530,35375531,35375532,35375533,35375534,35375535,35375536,35375537,35375538,35375539,35375540,35375541,35375542,35375543,35375544,35375545,35375546,35375547,35375548,35375549,35375550,35375551,35375552,35375553,35375554,35375555,35375556,35375557,35375558,35375559,35375560,35375561,35375562,35375563,35375564,35375565,35375566,35375567,35375568,35375569,35375570,35375571,35375572,35375573,35375574,35375575,35375576,35375577,35375578,35375579,35375580,35375581,35375582,35375583,35375584,35375585,35375586,35375587,35375588,35375589,35375590,35375591,35375592,35375593,35375594,35375595,35375596,35375597,35375598,35375599,35375600,35375601,35375602,35375603,35375604,35375605,35375606,35375607,35375608,35375609,35375610,35375611,35375612,35375613,35375614,35375615,35375616,35375617,35375618,35375619,35375620,35375621,35375622,35375623,35375624,35375625,35375626,35375627,35375628,35375629,35375630,35375631,35375632,35375633,35375634,35375635,35375636,35375637,35375638,35375639,35375640,35375641,35375642,35375643,35375644,35375645,35375646,35375647,35375648,35375649,35375650,35375651,35375652,35375653,35375654,35375655,35375656,35375657,35375658,35375659,35375660,35375661,35375662,35375663,35375664,35375665,35375666,35375667,35375668,35375669,35375670,35375671,35375672,35375673,35375674,35375675,35375676,35375677,35375678,35375679,35375680,35375681,35375682,35375683,35375684,35375685,35375686,35375687,35375688,35375689,35375690,35375691,35375692,35375693,35375694,35375695,35375696,35375697,35375698,35375699,35375700,35375701,35375702,35375703,35375704,35375705,35375706,35375707,35375708,35375709,35375710,35375711,35375712,35375713,35375714,35375715,35375716,35375717,35375718,35375719,35375720,35375721,35375722,35375723,35375724,35375725,35375726,35375727,35375728,35375729,35375730,35375731,35375732,35375733,35375734,35375735,35375736,35375737,35375738,35375739,35375740,35375741,35375742,35375743,35375744,35375745,35375746,35375747,35375748,35375749,35375750,35375751,35375752,35375753,35375754,35375755,35375756,35375757,35375758,35375759,35375760,35375761,35375762,35375763,35375764,35375765,35375766,35375767,35375768,35375769,35375770,35375771,35375772,35375773,35375774,35375775,35375776,35375777,35375778,35375779,35375780,35375781,35375782,35375783,35375784,35375785,35375786,35375787,35375788,35375789,35375790,35375791,35375792,35375793,35375794,35375795,35375796,35375797,35375798,35375799,35375800,35375801,35375802,35375803,35375804,35375805,35375806,35375807,35375808,35375809,35375810,35375811,35375812,35375813,35375814,35375815,35375816,35375817,35375818,35375819,35375820,35375821,35375822,35375823,35375824,35375825,35375826,35375827,35375828,35375829,35375830,35375831,35375832,35375833,35375834,35375835,35375836,35375837,35375838,35375839,35375840,35375841,35375842,35375843,35375844,35375845,35375846,35375847,35375848,35375849,35375850,35375851,35375852,35375853,35375854,35375855,35375856,35375857,35375858,35375859,35375860,35375861,35375862,35375863,35375864,35375865,35375866,35375867,35375868,35375869,35375870,35375871,35375872,35375873,35375874,35375875,35375876,35375877,35375878,35375879,35375880,35375881,35375882,35375883,35375884,35375885,35375886,35375887,35375888,35375889,35375890,35375891,35375892,35375893,35375894,35375895,35375896,35375897,35375898,35375899,35375900,35375901,35375902,35375903,35375904,35375905,35375906,35375907,35375908,35375909,35375910,35375911,35375912,35375913,35375914,35375915,35375916,35375917,35375918,35375919,35375920,35375921,35375922,35375923,35375924,35375925,35375926,35375927,35375928,35375929,35375930,35375931,35375932,35375933,35375934,35375935,35375936,35375937,35375938,35375939,35375940,35375941,35375942,35375943,35375944,35375945,35375946,35375947,35375948,35375949,35375950,35375951,35375952,35375953,35375954,35375955,35375956,35375957,35375958,35375959,35375960,35375961,35375962,35375963,35375964,35375965,35375966,35375967,35375968,35375969,35375970,35375971,35375972,35375973,35375974,35375975,35375976,35375977,35375978,35375979,35375980,35375981,35375982,35375983,35375984,35375985,35375986,35375987,35375988,35375989,35375990,35375991,35375992,35375993,35375994,35375995,35375996,35375997,35375998,35375999,35376000,35376001,35376002,35376003,35376004,35376005,35376006,35376007,35376008,35376009,35376010,35376011,35376012,35376013,35376014,35376015,35376016,35376017,35376018,35376019,35376020,35376021,35376022,35376023,35376024,35376025,35376026,35376027,35376028,35376029,35376030,35376031,35376032,35376033,35376034,35376035,35376036,35376037,35376038,35376039,35376040,35376041,35376042,35376043,35376044,35376045,35376046,35376047,35376048,35376049,35376050,35376051,35376052,35376053,35376054,35376055,35376056,35376057,35376058,35376059,35376060,35376061,35376062,35376063,35376064,35376065,35376066,35376067,35376068,35376069,35376070,35376071,35376072,35376073,35376074,35376075,35376076,35376077,35376078,35376079,35376080,35376081,35376082,35376083,35376084,35376085,35376086,35376087,35376088,35376089,35376090,35376091,35376092,35376093,35376094,35376095,35376096,35376097,35376098,35376099,35376100,35376101,35376102,35376103,35376104,35376105,35376106,35376107,35376108,35376109,35376110,35376111,35376112,35376113,35376114,35376115,35376116,35376117,35376118,35376119,35376120,35376121,35376122,35376123,35376124,35376125,35376126,35376127,35376128,35376129,35376130,35376131,35376132,35376133,35376134,35376135,35376136,35376137,35376138,35376139,35376140,35376141,35376142,35376143,35376144,35376145,35376146,35376147,35376148,35376149,35376150,35376151,35376152,35376153,35376154,35376155,35376156,35376157,35376158,35376159,35376160,35376161,35376162,35376163,35376164,35376165,35376166,35376167,35376168,35376169,35376170,35376171,35376172,35376173,35376174,35376175,35376176,35376177,35376178,35376179,35376180,35376181,35376182,35376183,35376184,35376185,35376186,35376187,35376188,35376189,35376190,35376191,35376192,35376193,35376194,35376195,35376196,35376197,35376198,35376199,35376200,35376201,35376202,35376203,35376204,35376205,35376206,35376207,35376208,35376209,35376210,35376211,35376212,35376213,35376214,35376215,35376216,35376217,35376218,35376219,35376220,35376221,35376222,35376223,35376224,35376225,35376226,35376227,35376228,35376229,35376230,35376231,35376232,35376233,35376234,35376235,35376236,35376237,35376238,35376239,35376240,35376241,35376242,35376243,35376244,35376245,35376246,35376247,35376248,35376249,35376250,35376251,35376252,35376253,35376254,35376255,35376256,35376257,35376258,35376259,35376260,35376261,35376262,35376263,35376264,35376265,35376266,35376267,35376268,35376269,35376270,35376271,35376272,35376273,35376274,35376275,35376276,35376277,35376278,35376279,35376280,35376281,35376282,35376283,35376284,35376285,35376286,35376287,35376288,35376289,35376290,35376291,35376292,35376293,35376294,35376295,35376296,35376297,35376298,35376299,35376300,35376301,35376302,35376303,35376304,35376305,35376306,35376307,35376308,35376309,35376310,35376311,35376312,35376313,35376314,35376315,35376316,35376317,35376318,35376319,35376320,35376321,35376322,35376323,35376324,35376325,35376326,35376327,35376328,35376329,35376330,35376331,35376332,35376333,35376334,35376335,35376336,35376337,35376338,35376339,35376340,35376341,35376342,35376343,35376344,35376345,35376346,35376347,35376348,35376349,35376350,35376351,35376352,35376353,35376354,35376355,35376356,35376357,35376358,35376359,35376360,35376361,35376362,35376363,35376364,35376365,35376366,35376367,35376368,35376369,35376370,35376371,35376372,35376373,35376374,35376375,35376376,35376377,35376378,35376379,35376380,35376381,35376382,35376383,35376384,35376385,35376386,35376387,35376388,35376389,35376390,35376391,35376392,35376393,35376394,35376395,35376396,35376397,35376398,35376399,35376400,35376401,35376402,35376403,35376404,35376405,35376406,35376407,35376408,35376409,35376410,35376411,35376412,35376413,35376414,35376415,35376416,35376417,35376418,35376419,35376420,35376421,35376422,35376423,35376424,35376425,35376426,35376427,35376428,35376429,35376430,35376431,35376432,35376433,35376434,35376435,35376436,35376437,35376438,35376439,35376440,35376441,35376442,35376443,35376444,35376445,35376446,35376447,35376448,35376449,35376450,35376451,35376452,35376453,35376454,35376455,35376456,35376457,35376458,35376459,35376460,35376461,35376462,35376463,35376464,35376465,35376466,35376467,35376468,35376469,35376470,35376471,35376472,35376473,35376474,35376475,35376476,35376477,35376478,35376479,35376480,35376481,35376482,35376483,35376484,35376485,35376486,35376487,35376488,35376489,35376490,35376491,35376492,35376493,35376494,35376495,35376496,35376497,35376498,35376499,35376500,35376501,35376502,35376503,35376504,35376505,35376506,35376507,35376508,35376509,35376510,35376511,35376512,35376513,35376514,35376515,35376516,35376517,35376518,35376519,35376520,35376521,35376522,35376523,35376524,35376525,35376526,35376527,35376528,35376529,35376530,35376531,35376532,35376533,35376534,35376535,35376536,35376537,35376538,35376539,35376540,35376541,35376542,35376543,35376544,35376545,35376546,35376547,35376548,35376549,35376550,35376551,35376552,35376553,35376554,35376555,35376556,35376557,35376558,35376559,35376560,35376561,35376562,35376563,35376564,35376565,35376566,35376567,35376568,35376569,35376570,35376571,35376572,35376573,35376574,35376575,35376576,35376577,35376578,35376579,35376580,35376581,35376582,35376583,35376584,35376585,35376586,35376587,35376588,35376589,35376590,35376591,35376592,35376593,35376594,35376595,35376596,35376597,35376598,35376599,35376600,35376601,35376602,35376603,35376604,35376605,35376606,35376607,35376608,35376609,35376610,35376611,35376612,35376613,35376614,35376615,35376616,35376617,35376618,35376619,35376620,35376621,35376622,35376623,35376624,35376625,35376626,35376627,35376628,35376629,35376630,35376631,35376632,35376633,35376634,35376635,35376636,35376637,35376638,35376639,35376640,35376641,35376642,35376643,35376644,35376645,35376646,35376647,35376648,35376649,35376650,35376651,35376652,35376653,35376654,35376655,35376656,35376657,35376658,35376659,35376660,35376661,35376662,35376663,35376664,35376665,35376666,35376667,35376668,35376669,35376670,35376671,35376672,35376673,35376674,35376675,35376676,35376677,35376678,35376679,35376680,35376681,35376682,35376683,35376684,35376685,35376686,35376687,35376688,35376689,35376690,35376691,35376692,35376693,35376694,35376695,35376696,35376697,35376698,35376699,35376700,35376701,35376702,35376703,35376704,35376705,35376706,35376707,35376708,35376709,35376710,35376711,35376712,35376713,35376714,35376715,35376716,35376717,35376718,35376719,35376720,35376721,35376722,35376723,35376724,35376725,35376726,35376727,35376728,35376729,35376730,35376731,35376732,35376733,35376734,35376735,35376736,35376737,35376738,35376739,35376740,35376741,35376742,35376743,35376744,35376745,35376746,35376747,35376748,35376749,35376750,35376751,35376752,35376753,35376754,35376755,35376756,35376757,35376758,35376759,35376760,35376761,35376762,35376763,35376764,35376765,35376766,35376767,35376768,35376769,35376770,35376771,35376772,35376773,35376774,35376775,35376776,35376777,35376778,35376779,35376780,35376781,35376782,35376783,35376784,35376785,35376786,35376787,35376788,35376789,35376790,35376791,35376792,35376793,35376794,35376795,35376796,35376797,35376798,35376799,35376800,35376801,35376802,35376803,35376804,35376805,35376806,35376807,35376808,35376809,35376810,35376811,35376812,35376813,35376814,35376815,35376816,35376817,35376818,35376819,35376820,35376821,35376822,35376823,35376824,35376825,35376826,35376827,35376828,35376829,35376830,35376831,35376832,35376833,35376834,35376835,35376836,35376837,35376838,35376839,35376840,35376841,35376842,35376843,35376844,35376845,35376846,35376847,35376848,35376849,35376850,35376851,35376852,35376853,35376854,35376855,35376856,35376857,35376858,35376859,35376860,35376861,35376862,35376863,35376864,35376865,35376866,35376867,35376868,35376869,35376870,35376871,35376872,35376873,35376874,35376875,35376876,35376877,35376878,35376879,35376880,35376881,35376882,35376883,35376884,35376885,35376886,35376887,35376888,35376889,35376890,35376891,35376892,35376893,35376894,35376895,35376896,35376897,35376898,35376899,35376900,35376901,35376902,35376903,35376904,35376905,35376906,35376907,35376908,35376909,35376910,35376911,35376912,35376913,35376914,35376915,35376916,35376917,35376918,35376919,35376920,35376921,35376922,35376923,35376924,35376925,35376926,35376927,35376928,35376929,35376930,35376931,35376932,35376933,35376934,35376935,35376936,35376937,35376938,35376939,35376940,35376941,35376942,35376943,35376944,35376945,35376946,35376947,35376948,35376949,35376950,35376951,35376952,35376953,35376954,35376955,35376956,35376957,35376958,35376959,35376960,35376961,35376962,35376963,35376964,35376965,35376966,35376967,35376968,35376969,35376970,35376971,35376972,35376973,35376974,35376975,35376976,35376977,35376978,35376979,35376980,35376981,35376982,35376983,35376984,35376985,35376986,35376987,35376988,35376989,35376990,35376991,35376992,35376993,35376994,35376995,35376996,35376997,35376998,35376999,35377000,35377001,35377002,35377003,35377004,35377005,35377006,35377007,35377008,35377009,35377010,35377011,35377012,35377013,35377014,35377015,35377016,35377017,35377018,35377019,35377020,35377021,35377022,35377023,35377024,35377025,35377026,35377027,35377028,35377029,35377030,35377031,35377032,35377033,35377034,35377035,35377036,35377037,35377038,35377039,35377040,35377041,35377042,35377043,35377044,35377045,35377046,35377047,35377048,35377049,35377050,35377051,35377052,35377053,35377054,35377055,35377056,35377057,35377058,35377059,35377060,35377061,35377062,35377063,35377064,35377065,35377066,35377067,35377068,35377069,35377070,35377071,35377072,35377073,35377074,35377075,35377076,35377077,35377078,35377079,35377080,35377081,35377082,35377083,35377084,35377085,35377086,35377087,35377088,35377089,35377090,35377091,35377092,35377093,35377094,35377095,35377096,35377097,35377098,35377099,35377100,35377101,35377102,35377103,35377104,35377105,35377106,35377107,35377108,35377109,35377110,35377111,35377112,35377113,35377114,35377115,35377116,35377117,35377118,35377119,35377120,35377121,35377122,35377123,35377124,35377125,35377126,35377127,35377128,35377129,35377130,35377131,35377132,35377133,35377134,35377135,35377136,35377137,35377138,35377139,35377140,35377141,35377142,35377143,35377144,35377145,35377146,35377147,35377148,35377149,35377150,35377151,35377152,35377153,35377154,35377155,35377156,35377157,35377158,35377159,35377160,35377161,35377162,35377163,35377164,35377165,35377166,35377167,35377168,35377169,35377170,35377171,35377172,35377173,35377174,35377175,35377176,35377177,35377178,35377179,35377180,35377181,35377182,35377183,35377184,35377185,35377186,35377187,35377188,35377189,35377190,35377191,35377192,35377193,35377194,35377195,35377196,35377197,35377198,35377199,35377200,35377201,35377202,35377203,35377204,35377205,35377206,35377207,35377208,35377209,35377210,35377211,35377212,35377213,35377214,35377215,35377216,35377217,35377218,35377219,35377220,35377221,35377222,35377223,35377224,35377225,35377226,35377227,35377228,35377229,35377230,35377231,35377232,35377233,35377234,35377235,35377236,35377237,35377238,35377239,35377240,35377241,35377242,35377243,35377244,35377245,35377246,35377247,35377248,35377249,35377250,35377251,35377252,35377253,35377254,35377255,35377256,35377257,35377258,35377259,35377260,35377261,35377262,35377263,35377264,35377265,35377266,35377267,35377268,35377269,35377270,35377271,35377272,35377273,35377274,35377275,35377276,35377277,35377278,35377279,35377280,35377281,35377282,35377283,35377284,35377285,35377286,35377287,35377288,35377289,35377290,35377291,35377292,35377293,35377294,35377295,35377296,35377297,35377298,35377299,35377300,35377301,35377302,35377303,35377304,35377305,35377306,35377307,35377308,35377309,35377310,35377311,35377312,35377313,35377314,35377315,35377316,35377317,35377318,35377319,35377320,35377321,35377322,35377323,35377324,35377325,35377326,35377327,35377328,35377329,35377330,35377331,35377332,35377333,35377334,35377335,35377336,35377337,35377338,35377339,35377340,35377341,35377342,35377343,35377344,35377345,35377346,35377347,35377348,35377349,35377350,35377351,35377352,35377353,35377354,35377355,35377356,35377357,35377358,35377359,35377360,35377361,35377362,35377363,35377364,35377365,35377366,35377367,35377368,35377369,35377370,35377371,35377372,35377373,35377374,35377375,35377376,35377377,35377378,35377379,35377380,35377381,35377382,35377383,35377384,35377385,35377386,35377387,35377388,35377389,35377390,35377391,35377392,35377393,35377394,35377395,35377396,35377397,35377398,35377399,35377400,35377401,35377402,35377403,35377404,35377405,35377406,35377407,35377408,35377409,35377410,35377411,35377412,35377413,35377414,35377415,35377416,35377417,35377418,35377419,35377420,35377421,35377422,35377423,35377424,35377425,35377426,35377427,35377428,35377429,35377430,35377431,35377432,35377433,35377434,35377435,35377436,35377437,35377438,35377439,35377440,35377441,35377442,35377443,35377444,35377445,35377446,35377447,35377448,35377449,35377450,35377451,35377452,35377453,35377454,35377455,35377456,35377457,35377458,35377459,35377460,35377461,35377462,35377463,35377464,35377465,35377466,35377467,35377468,35377469,35377470,35377471,35377472,35377473,35377474,35377475,35377476,35377477,35377478,35377479,35377480,35377481,35377482,35377483,35377484,35377485,35377486,35377487,35377488,35377489,35377490,35377491,35377492,35377493,35377494,35377495,35377496,35377497,35377498,35377499,35377500,35377501,35377502,35377503,35377504,35377505,35377506,35377507,35377508,35377509,35377510,35377511,35377512,35377513,35377514,35377515,35377516,35377517,35377518,35377519,35377520,35377521,35377522,35377523,35377524,35377525,35377526,35377527,35377528,35377529,35377530,35377531,35377532,35377533,35377534,35377535,35377536,35377537,35377538,35377539,35377540,35377541,35377542,35377543,35377544,35377545,35377546,35377547,35377548,35377549,35377550,35377551,35377552,35377553,35377554,35377555,35377556,35377557,35377558,35377559,35377560,35377561,35377562,35377563,35377564,35377565,35377566,35377567,35377568,35377569,35377570,35377571,35377572,35377573,35377574,35377575,35377576,35377577,35377578,35377579,35377580,35377581,35377582,35377583,35377584,35377585,35377586,35377587,35377588,35377589,35377590,35377591,35377592,35377593,35377594,35377595,35377596,35377597,35377598,35377599,35377600,35377601,35377602,35377603,35377604,35377605,35377606,35377607,35377608,35377609,35377610,35377611,35377612,35377613,35377614,35377615,35377616,35377617,35377618,35377619,35377620,35377621,35377622,35377623,35377624,35377625,35377626,35377627,35377628,35377629,35377630,35377631,35377632,35377633,35377634,35377635,35377636,35377637,35377638,35377639,35377640,35377641,35377642,35377643,35377644,35377645,35377646,35377647,35377648,35377649,35377650,35377651,35377652,35377653,35377654,35377655,35377656,35377657,35377658,35377659,35377660,35377661,35377662,35377663,35377664,35377665,35377666,35377667,35377668,35377669,35377670,35377671,35377672,35377673,35377674,35377675,35377676,35377677,35377678,35377679,35377680,35377681,35377682,35377683,35377684,35377685,35377686,35377687,35377688,35377689,35377690,35377691,35377692,35377693,35377694,35377695,35377696,35377697,35377698,35377699,35377700,35377701,35377702,35377703,35377704,35377705,35377706,35377707,35377708,35377709,35377710,35377711,35377712,35377713,35377714,35377715,35377716,35377717,35377718,35377719,35377720,35377721,35377722,35377723,35377724,35377725,35377726,35377727,35377728,35377729,35377730,35377731,35377732,35377733,35377734,35377735,35377736,35377737,35377738,35377739,35377740,35377741,35377742,35377743,35377744,35377745,35377746,35377747,35377748,35377749,35377750,35377751,35377752,35377753,35377754,35377755,35377756,35377757,35377758,35377759,35377760,35377761,35377762,35377763,35377764,35377765,35377766,35377767,35377768,35377769,35377770,35377771,35377772,35377773,35377774,35377775,35377776,35377777,35377778,35377779,35377780,35377781,35377782,35377783,35377784,35377785,35377786,35377787,35377788,35377789,35377790,35377791,35377792,35377793,35377794,35377795,35377796,35377797,35377798,35377799,35377800,35377801,35377802,35377803,35377804,35377805,35377806,35377807,35377808,35377809,35377810,35377811,35377812,35377813,35377814,35377815,35377816,35377817,35377818,35377819,35377820,35377821,35377822,35377823,35377824,35377825,35377826,35377827,35377828,35377829,35377830,35377831,35377832,35377833,35377834,35377835,35377836,35377837,35377838,35377839,35377840,35377841,35377842,35377843,35377844,35377845,35377846,35377847,35377848,35377849,35377850,35377851,35377852,35377853,35377854,35377855,35377856,35377857,35377858,35377859,35377860,35377861,35377862,35377863,35377864,35377865,35377866,35377867,35377868,35377869,35377870,35377871,35377872,35377873,35377874,35377875,35377876,35377877,35377878,35377879,35377880,35377881,35377882,35377883,35377884,35377885,35377886,35377887,35377888,35377889,35377890,35377891,35377892,35377893,35377894,35377895,35377896,35377897,35377898,35377899,35377900,35377901,35377902,35377903,35377904,35377905,35377906,35377907,35377908,35377909,35377910,35377911,35377912,35377913,35377914,35377915,35377916,35377917,35377918,35377919,35377920,35377921,35377922,35377923,35377924,35377925,35377926,35377927,35377928,35377929,35377930,35377931,35377932,35377933,35377934,35377935,35377936,35377937,35377938,35377939,35377940,35377941,35377942,35377943,35377944,35377945,35377946,35377947,35377948,35377949,35377950,35377951,35377952,35377953,35377954,35377955,35377956,35377957,35377958,35377959,35377960,35377961,35377962,35377963,35377964,35377965,35377966,35377967,35377968,35377969,35377970,35377971,35377972,35377973,35377974,35377975,35377976,35377977,35377978,35377979,35377980,35377981,35377982,35377983,35377984,35377985,35377986,35377987,35377988,35377989,35377990,35377991,35377992,35377993,35377994,35377995,35377996,35377997,35377998,35377999,35378000,35378001,35378002,35378003,35378004,35378005,35378006,35378007,35378008,35378009,35378010,35378011,35378012,35378013,35378014,35378015,35378016,35378017,35378018,35378019,35378020,35378021,35378022,35378023,35378024,35378025,35378026,35378027,35378028,35378029,35378030,35378031,35378032,35378033,35378034,35378035,35378036,35378037,35378038,35378039,35378040,35378041,35378042,35378043,35378044,35378045,35378046,35378047,35378048,35378049,35378050,35378051,35378052,35378053,35378054,35378055,35378056,35378057,35378058,35378059,35378060,35378061,35378062,35378063,35378064,35378065,35378066,35378067,35378068,35378069,35378070,35378071,35378072,35378073,35378074,35378075,35378076,35378077,35378078,35378079,35378080,35378081,35378082,35378083,35378084,35378085,35378086,35378087,35378088,35378089,35378090,35378091,35378092,35378093,35378094,35378095,35378096,35378097,35378098,35378099,35378100,35378101,35378102,35378103,35378104,35378105,35378106,35378107,35378108,35378109,35378110,35378111,35378112,35378113,35378114,35378115,35378116,35378117,35378118,35378119,35378120,35378121,35378122,35378123,35378124,35378125,35378126,35378127,35378128,35378129,35378130,35378131,35378132,35378133,35378134,35378135,35378136,35378137,35378138,35378139,35378140,35378141,35378142,35378143,35378144,35378145,35378146,35378147,35378148,35378149,35378150,35378151,35378152,35378153,35378154,35378155,35378156,35378157,35378158,35378159,35378160,35378161,35378162,35378163,35378164,35378165,35378166,35378167,35378168,35378169,35378170,35378171,35378172,35378173,35378174,35378175,35378176,35378177,35378178,35378179,35378180,35378181,35378182,35378183,35378184,35378185,35378186,35378187,35378188,35378189,35378190,35378191,35378192,35378193,35378194,35378195,35378196,35378197,35378198,35378199,35378200,35378201,35378202,35378203,35378204,35378205,35378206,35378207,35378208,35378209,35378210,35378211,35378212,35378213,35378214,35378215,35378216,35378217,35378218,35378219,35378220,35378221,35378222,35378223,35378224,35378225,35378226,35378227,35378228,35378229,35378230,35378231,35378232,35378233,35378234,35378235,35378236,35378237,35378238,35378239,35378240,35378241,35378242,35378243,35378244,35378245,35378246,35378247,35378248,35378249,35378250,35378251,35378252,35378253,35378254,35378255,35378256,35378257,35378258,35378259,35378260,35378261,35378262,35378263,35378264,35378265,35378266,35378267,35378268,35378269,35378270,35378271,35378272,35378273,35378274,35378275,35378276,35378277,35378278,35378279,35378280,35378281,35378282,35378283,35378284,35378285,35378286,35378287,35378288,35378289,35378290,35378291,35378292,35378293,35378294,35378295,35378296,35378297,35378298,35378299,35378300,35378301,35378302,35378303,35378304,35378305,35378306,35378307,35378308,35378309,35378310,35378311,35378312,35378313,35378314,35378315,35378316,35378317,35378318,35378319,35378320,35378321,35378322,35378323,35378324,35378325,35378326,35378327,35378328,35378329,35378330,35378331,35378332,35378333,35378334,35378335,35378336,35378337,35378338,35378339,35378340,35378341,35378342,35378343,35378344,35378345,35378346,35378347,35378348,35378349,35378350,35378351,35378352,35378353,35378354,35378355,35378356,35378357,35378358,35378359,35378360,35378361,35378362,35378363,35378364,35378365,35378366,35378367,35378368,35378369,35378370,35378371,35378372,35378373,35378374,35378375,35378376,35378377,35378378,35378379,35378380,35378381,35378382,35378383,35378384,35378385,35378386,35378387,35378388,35378389,35378390,35378391,35378392,35378393,35378394,35378395,35378396,35378397,35378398,35378399,35378400,35378401,35378402,35378403,35378404,35378405,35378406,35378407,35378408,35378409,35378410,35378411,35378412,35378413,35378414,35378415,35378416,35378417,35378418,35378419,35378420,35378421,35378422,35378423,35378424,35378425,35378426,35378427,35378428,35378429,35378430,35378431,35378432,35378433,35378434,35378435,35378436,35378437,35378438,35378439,35378440,35378441,35378442,35378443,35378444,35378445,35378446,35378447,35378448,35378449,35378450,35378451,35378452,35378453,35378454,35378455,35378456,35378457,35378458,35378459,35378460,35378461,35378462,35378463,35378464,35378465,35378466,35378467,35378468,35378469,35378470,35378471,35378472,35378473,35378474,35378475,35378476,35378477,35378478,35378479,35378480,35378481,35378482,35378483,35378484,35378485,35378486,35378487,35378488,35378489,35378490,35378491,35378492,35378493,35378494,35378495,35378496,35378497,35378498,35378499,35378500,35378501,35378502,35378503,35378504,35378505,35378506,35378507,35378508,35378509,35378510,35378511,35378512,35378513,35378514,35378515,35378516,35378517,35378518,35378519,35378520,35378521,35378522,35378523,35378524,35378525,35378526,35378527,35378528,35378529,35378530,35378531,35378532,35378533,35378534,35378535,35378536,35378537,35378538,35378539,35378540,35378541,35378542,35378543,35378544,35378545,35378546,35378547,35378548,35378549,35378550,35378551,35378552,35378553,35378554,35378555,35378556,35378557,35378558,35378559,35378560,35378561,35378562,35378563,35378564,35378565,35378566,35378567,35378568,35378569,35378570,35378571,35378572,35378573,35378574,35378575,35378576,35378577,35378578,35378579,35378580,35378581,35378582,35378583,35378584,35378585,35378586,35378587,35378588,35378589,35378590,35378591,35378592,35378593,35378594,35378595,35378596,35378597,35378598,35378599,35378600,35378601,35378602,35378603,35378604,35378605,35378606,35378607,35378608,35378609,35378610,35378611,35378612,35378613,35378614,35378615,35378616,35378617,35378618,35378619,35378620,35378621,35378622,35378623,35378624,35378625,35378626,35378627,35378628,35378629,35378630,35378631,35378632,35378633,35378634,35378635,35378636,35378637,35378638,35378639,35378640,35378641,35378642,35378643,35378644,35378645,35378646,35378647,35378648,35378649,35378650,35378651,35378652,35378653,35378654,35378655,35378656,35378657,35378658,35378659,35378660,35378661,35378662,35378663,35378664,35378665,35378666,35378667,35378668,35378669,35378670,35378671,35378672,35378673,35378674,35378675,35378676,35378677,35378678,35378679,35378680,35378681,35378682,35378683,35378684,35378685,35378686,35378687,35378688,35378689,35378690,35378691,35378692,35378693,35378694,35378695,35378696,35378697,35378698,35378699,35378700,35378701,35378702,35378703,35378704,35378705,35378706,35378707,35378708,35378709,35378710,35378711,35378712,35378713,35378714,35378715,35378716,35378717,35378718,35378719,35378720,35378721,35378722,35378723,35378724,35378725,35378726,35378727,35378728,35378729,35378730,35378731,35378732,35378733,35378734,35378735,35378736,35378737,35378738,35378739,35378740,35378741,35378742,35378743,35378744,35378745,35378746,35378747,35378748,35378749,35378750,35378751,35378752,35378753,35378754,35378755,35378756,35378757,35378758,35378759,35378760,35378761,35378762,35378763,35378764,35378765,35378766,35378767,35378768,35378769,35378770,35378771,35378772,35378773,35378774,35378775,35378776,35378777,35378778,35378779,35378780,35378781,35378782,35378783,35378784,35378785,35378786,35378787,35378788,35378789,35378790,35378791,35378792,35378793,35378794,35378795,35378796,35378797,35378798,35378799,35378800,35378801,35378802,35378803,35378804,35378805,35378806,35378807,35378808,35378809,35378810,35378811,35378812,35378813,35378814,35378815,35378816,35378817,35378818,35378819,35378820,35378821,35378822,35378823,35378824,35378825,35378826,35378827,35378828,35378829,35378830,35378831,35378832,35378833,35378834,35378835,35378836,35378837,35378838,35378839,35378840,35378841,35378842,35378843,35378844,35378845,35378846,35378847,35378848,35378849,35378850,35378851,35378852,35378853,35378854,35378855,35378856,35378857,35378858,35378859,35378860,35378861,35378862,35378863,35378864,35378865,35378866,35378867,35378868,35378869,35378870,35378871,35378872,35378873,35378874,35378875,35378876,35378877,35378878,35378879,35378880,35378881,35378882,35378883,35378884,35378885,35378886,35378887,35378888,35378889,35378890,35378891,35378892,35378893,35378894,35378895,35378896,35378897,35378898,35378899,35378900,35378901,35378902,35378903,35378904,35378905,35378906,35378907,35378908,35378909,35378910,35378911,35378912,35378913,35378914,35378915,35378916,35378917,35378918,35378919,35378920,35378921,35378922,35378923,35378924,35378925,35378926,35378927,35378928,35378929,35378930,35378931,35378932,35378933,35378934,35378935,35378936,35378937,35378938,35378939,35378940,35378941,35378942,35378943,35378944,35378945,35378946,35378947,35378948,35378949,35378950,35378951,35378952,35378953,35378954,35378955,35378956,35378957,35378958,35378959,35378960,35378961,35378962,35378963,35378964,35378965,35378966,35378967,35378968,35378969,35378970,35378971,35378972,35378973,35378974,35378975,35378976,35378977,35378978,35378979,35378980,35378981,35378982,35378983,35378984,35378985,35378986,35378987,35378988,35378989,35378990,35378991,35378992,35378993,35378994,35378995,35378996,35378997,35378998,35378999,35379000,35379001,35379002,35379003,35379004,35379005,35379006,35379007,35379008,35379009,35379010,35379011,35379012,35379013,35379014,35379015,35379016,35379017,35379018,35379019,35379020,35379021,35379022,35379023,35379024,35379025,35379026,35379027,35379028,35379029,35379030,35379031,35379032,35379033,35379034,35379035,35379036,35379037,35379038,35379039,35379040,35379041,35379042,35379043,35379044,35379045,35379046,35379047,35379048,35379049,35379050,35379051,35379052,35379053,35379054,35379055,35379056,35379057,35379058,35379059,35379060,35379061,35379062,35379063,35379064,35379065,35379066,35379067,35379068,35379069,35379070,35379071,35379072,35379073,35379074,35379075,35379076,35379077,35379078,35379079,35379080,35379081,35379082,35379083,35379084,35379085,35379086,35379087,35379088,35379089,35379090,35379091,35379092,35379093,35379094,35379095,35379096,35379097,35379098,35379099,35379100,35379101,35379102,35379103,35379104,35379105,35379106,35379107,35379108,35379109,35379110,35379111,35379112,35379113,35379114,35379115,35379116,35379117,35379118,35379119,35379120,35379121,35379122,35379123,35379124,35379125,35379126,35379127,35379128,35379129,35379130,35379131,35379132,35379133,35379134,35379135,35379136,35379137,35379138,35379139,35379140,35379141,35379142,35379143,35379144,35379145,35379146,35379147,35379148,35379149,35379150,35379151,35379152,35379153,35379154,35379155,35379156,35379157,35379158,35379159,35379160,35379161,35379162,35379163,35379164,35379165,35379166,35379167,35379168,35379169,35379170,35379171,35379172,35379173,35379174,35379175,35379176,35379177,35379178,35379179,35379180,35379181,35379182,35379183,35379184,35379185,35379186,35379187,35379188,35379189,35379190,35379191,35379192,35379193,35379194,35379195,35379196,35379197,35379198,35379199,35379200,35379201,35379202,35379203,35379204,35379205,35379206,35379207,35379208,35379209,35379210,35379211,35379212,35379213,35379214,35379215,35379216,35379217,35379218,35379219,35379220,35379221,35379222,35379223,35379224,35379225,35379226,35379227,35379228,35379229,35379230,35379231,35379232,35379233,35379234,35379235,35379236,35379237,35379238,35379239,35379240,35379241,35379242,35379243,35379244,35379245,35379246,35379247,35379248,35379249,35379250,35379251,35379252,35379253,35379254,35379255,35379256,35379257,35379258,35379259,35379260,35379261,35379262,35379263,35379264,35379265,35379266,35379267,35379268,35379269,35379270,35379271,35379272,35379273,35379274,35379275,35379276,35379277,35379278,35379279,35379280,35379281,35379282,35379283,35379284,35379285,35379286,35379287,35379288,35379289,35379290,35379291,35379292,35379293,35379294,35379295,35379296,35379297,35379298,35379299,35379300,35379301,35379302,35379303,35379304,35379305,35379306,35379307,35379308,35379309,35379310,35379311,35379312,35379313,35379314,35379315,35379316,35379317,35379318,35379319,35379320,35379321,35379322,35379323,35379324,35379325,35379326,35379327,35379328,35379329,35379330,35379331,35379332,35379333,35379334,35379335,35379336,35379337,35379338,35379339,35379340,35379341,35379342,35379343,35379344,35379345,35379346,35379347,35379348,35379349,35379350,35379351,35379352,35379353,35379354,35379355,35379356,35379357,35379358,35379359,35379360,35379361,35379362,35379363,35379364,35379365,35379366,35379367,35379368,35379369,35379370,35379371,35379372,35379373,35379374,35379375,35379376,35379377,35379378,35379379,35379380,35379381,35379382,35379383,35379384,35379385,35379386,35379387,35379388,35379389,35379390,35379391,35379392,35379393,35379394,35379395,35379396,35379397,35379398,35379399,35379400,35379401,35379402,35379403,35379404,35379405,35379406,35379407,35379408,35379409,35379410,35379411,35379412,35379413,35379414,35379415,35379416,35379417,35379418,35379419,35379420,35379421,35379422,35379423,35379424,35379425,35379426,35379427,35379428,35379429,35379430,35379431,35379432,35379433,35379434,35379435,35379436,35379437,35379438,35379439,35379440,35379441,35379442,35379443,35379444,35379445,35379446,35379447,35379448,35379449,35379450,35379451,35379452,35379453,35379454,35379455,35379456,35379457,35379458,35379459,35379460,35379461,35379462,35379463,35379464,35379465,35379466,35379467,35379468,35379469,35379470,35379471,35379472,35379473,35379474,35379475,35379476,35379477,35379478,35379479,35379480,35379481,35379482,35379483,35379484,35379485,35379486,35379487,35379488,35379489,35379490,35379491,35379492,35379493,35379494,35379495,35379496,35379497,35379498,35379499,35379500,35379501,35379502,35379503,35379504,35379505,35379506,35379507,35379508,35379509,35379510,35379511,35379512,35379513,35379514,35379515,35379516,35379517,35379518,35379519,35379520,35379521,35379522,35379523,35379524,35379525,35379526,35379527,35379528,35379529,35379530,35379531,35379532,35379533,35379534,35379535,35379536,35379537,35379538,35379539,35379540,35379541,35379542,35379543,35379544,35379545,35379546,35379547,35379548,35379549,35379550,35379551,35379552,35379553,35379554,35379555,35379556,35379557,35379558,35379559,35379560,35379561,35379562,35379563,35379564,35379565,35379566,35379567,35379568,35379569,35379570,35379571,35379572,35379573,35379574,35379575,35379576,35379577,35379578,35379579,35379580,35379581,35379582,35379583,35379584,35379585,35379586,35379587,35379588,35379589,35379590,35379591,35379592,35379593,35379594,35379595,35379596,35379597,35379598,35379599,35379600,35379601,35379602,35379603,35379604,35379605,35379606,35379607,35379608,35379609,35379610,35379611,35379612,35379613,35379614,35379615,35379616,35379617,35379618,35379619,35379620,35379621,35379622,35379623,35379624,35379625,35379626,35379627,35379628,35379629,35379630,35379631,35379632,35379633,35379634,35379635,35379636,35379637,35379638,35379639,35379640,35379641,35379642,35379643,35379644,35379645,35379646,35379647,35379648,35379649,35379650,35379651,35379652,35379653,35379654,35379655,35379656,35379657,35379658,35379659,35379660,35379661,35379662,35379663,35379664,35379665,35379666,35379667,35379668,35379669,35379670,35379671,35379672,35379673,35379674,35379675,35379676,35379677,35379678,35379679,35379680,35379681,35379682,35379683,35379684,35379685,35379686,35379687,35379688,35379689,35379690,35379691,35379692,35379693,35379694,35379695,35379696,35379697,35379698,35379699,35379700,35379701,35379702,35379703,35379704,35379705,35379706,35379707,35379708,35379709,35379710,35379711,35379712,35379713,35379714,35379715,35379716,35379717,35379718,35379719,35379720,35379721,35379722,35379723,35379724,35379725,35379726,35379727,35379728,35379729,35379730,35379731,35379732,35379733,35379734,35379735,35379736,35379737,35379738,35379739,35379740,35379741,35379742,35379743,35379744,35379745,35379746,35379747,35379748,35379749,35379750,35379751,35379752,35379753,35379754,35379755,35379756,35379757,35379758,35379759,35379760,35379761,35379762,35379763,35379764,35379765,35379766,35379767,35379768,35379769,35379770,35379771,35379772,35379773,35379774,35379775,35379776,35379777,35379778,35379779,35379780,35379781,35379782,35379783,35379784,35379785,35379786,35379787,35379788,35379789,35379790,35379791,35379792,35379793,35379794,35379795,35379796,35379797,35379798,35379799,35379800,35379801,35379802,35379803,35379804,35379805,35379806,35379807,35379808,35379809,35379810,35379811,35379812,35379813,35379814,35379815,35379816,35379817,35379818,35379819,35379820,35379821,35379822,35379823,35379824,35379825,35379826,35379827,35379828,35379829,35379830,35379831,35379832,35379833,35379834,35379835,35379836,35379837,35379838,35379839,35379840,35379841,35379842,35379843,35379844,35379845,35379846,35379847,35379848,35379849,35379850,35379851,35379852,35379853,35379854,35379855,35379856,35379857,35379858,35379859,35379860,35379861,35379862,35379863,35379864,35379865,35379866,35379867,35379868,35379869,35379870,35379871,35379872,35379873,35379874,35379875,35379876,35379877,35379878,35379879,35379880,35379881,35379882,35379883,35379884,35379885,35379886,35379887,35379888,35379889,35379890,35379891,35379892,35379893,35379894,35379895,35379896,35379897,35379898,35379899,35379900,35379901,35379902,35379903,35379904,35379905,35379906,35379907,35379908,35379909,35379910,35379911,35379912,35379913,35379914,35379915,35379916,35379917,35379918,35379919,35379920,35379921,35379922,35379923,35379924,35379925,35379926,35379927,35379928,35379929,35379930,35379931,35379932,35379933,35379934,35379935,35379936,35379937,35379938,35379939,35379940,35379941,35379942,35379943,35379944,35379945,35379946,35379947,35379948,35379949,35379950,35379951,35379952,35379953,35379954,35379955,35379956,35379957,35379958,35379959,35379960,35379961,35379962,35379963,35379964,35379965,35379966,35379967,35379968,35379969,35379970,35379971,35379972,35379973,35379974,35379975,35379976,35379977,35379978,35379979,35379980,35379981,35379982,35379983,35379984,35379985,35379986,35379987,35379988,35379989,35379990,35379991,35379992,35379993,35379994,35379995,35379996,35379997,35379998,35379999,35380000,35380001,35380002,35380003,35380004,35380005,35380006,35380007,35380008,35380009,35380010,35380011,35380012,35380013,35380014,35380015,35380016,35380017,35380018,35380019,35380020,35380021,35380022,35380023,35380024,35380025,35380026,35380027,35380028,35380029,35380030,35380031,35380032,35380033,35380034,35380035,35380036,35380037,35380038,35380039,35380040,35380041,35380042,35380043,35380044,35380045,35380046,35380047,35380048,35380049,35380050,35380051,35380052,35380053,35380054,35380055,35380056,35380057,35380058,35380059,35380060,35380061,35380062,35380063,35380064,35380065,35380066,35380067,35380068,35380069,35380070,35380071,35380072,35380073,35380074,35380075,35380076,35380077,35380078,35380079,35380080,35380081,35380082,35380083,35380084,35380085,35380086,35380087,35380088,35380089,35380090,35380091,35380092,35380093,35380094,35380095,35380096,35380097,35380098,35380099,35380100,35380101,35380102,35380103,35380104,35380105,35380106,35380107,35380108,35380109,35380110,35380111,35380112,35380113,35380114,35380115,35380116,35380117,35380118,35380119,35380120,35380121,35380122,35380123,35380124,35380125,35380126,35380127,35380128,35380129,35380130,35380131,35380132,35380133,35380134,35380135,35380136,35380137,35380138,35380139,35380140,35380141,35380142,35380143,35380144,35380145,35380146,35380147,35380148,35380149,35380150,35380151,35380152,35380153,35380154,35380155,35380156,35380157,35380158,35380159,35380160,35380161,35380162,35380163,35380164,35380165,35380166,35380167,35380168,35380169,35380170,35380171,35380172,35380173,35380174,35380175,35380176,35380177,35380178,35380179,35380180,35380181,35380182,35380183,35380184,35380185,35380186,35380187,35380188,35380189,35380190,35380191,35380192,35380193,35380194,35380195,35380196,35380197,35380198,35380199,35380200,35380201,35380202,35380203,35380204,35380205,35380206,35380207,35380208,35380209,35380210,35380211,35380212,35380213,35380214,35380215,35380216,35380217,35380218,35380219,35380220,35380221,35380222,35380223,35380224,35380225,35380226,35380227,35380228,35380229,35380230,35380231,35380232,35380233,35380234,35380235,35380236,35380237,35380238,35380239,35380240,35380241,35380242,35380243,35380244,35380245,35380246,35380247,35380248,35380249,35380250,35380251,35380252,35380253,35380254,35380255,35380256,35380257,35380258,35380259,35380260,35380261,35380262,35380263,35380264,35380265,35380266,35380267,35380268,35380269,35380270,35380271,35380272,35380273,35380274,35380275,35380276,35380277,35380278,35380279,35380280,35380281,35380282,35380283,35380284,35380285,35380286,35380287,35380288,35380289,35380290,35380291,35380292,35380293,35380294,35380295,35380296,35380297,35380298,35380299,35380300,35380301,35380302,35380303,35380304,35380305,35380306,35380307,35380308,35380309,35380310,35380311,35380312,35380313,35380314,35380315,35380316,35380317,35380318,35380319,35380320,35380321,35380322,35380323,35380324,35380325,35380326,35380327,35380328,35380329,35380330,35380331,35380332,35380333,35380334,35380335,35380336,35380337,35380338,35380339,35380340,35380341,35380342,35380343,35380344,35380345,35380346,35380347,35380348,35380349,35380350,35380351,35380352,35380353,35380354,35380355,35380356,35380357,35380358,35380359,35380360,35380361,35380362,35380363,35380364,35380365,35380366,35380367,35380368,35380369,35380370,35380371,35380372,35380373,35380374,35380375,35380376,35380377,35380378,35380379,35380380,35380381,35380382,35380383,35380384,35380385,35380386,35380387,35380388,35380389,35380390,35380391,35380392,35380393,35380394,35380395,35380396,35380397,35380398,35380399,35380400,35380401,35380402,35380403,35380404,35380405,35380406,35380407,35380408,35380409,35380410,35380411,35380412,35380413,35380414,35380415,35380416,35380417,35380418,35380419,35380420,35380421,35380422,35380423,35380424,35380425,35380426,35380427,35380428,35380429,35380430,35380431,35380432,35380433,35380434,35380435,35380436,35380437,35380438,35380439,35380440,35380441,35380442,35380443,35380444,35380445,35380446,35380447,35380448,35380449,35380450,35380451,35380452,35380453,35380454,35380455,35380456,35380457,35380458,35380459,35380460,35380461,35380462,35380463,35380464,35380465,35380466,35380467,35380468,35380469,35380470,35380471,35380472,35380473,35380474,35380475,35380476,35380477,35380478,35380479,35380480,35380481,35380482,35380483,35380484,35380485,35380486,35380487,35380488,35380489,35380490,35380491,35380492,35380493,35380494,35380495,35380496,35380497,35380498,35380499,35380500,35380501,35380502,35380503,35380504,35380505,35380506,35380507,35380508,35380509,35380510,35380511,35380512,35380513,35380514,35380515,35380516,35380517,35380518,35380519,35380520,35380521,35380522,35380523,35380524,35380525,35380526,35380527,35380528,35380529,35380530,35380531,35380532,35380533,35380534,35380535,35380536,35380537,35380538,35380539,35380540,35380541,35380542,35380543,35380544,35380545,35380546,35380547,35380548,35380549,35380550,35380551,35380552,35380553,35380554,35380555,35380556,35380557,35380558,35380559,35380560,35380561,35380562,35380563,35380564,35380565,35380566,35380567,35380568,35380569,35380570,35380571,35380572,35380573,35380574,35380575,35380576,35380577,35380578,35380579,35380580,35380581,35380582,35380583,35380584,35380585,35380586,35380587,35380588,35380589,35380590,35380591,35380592,35380593,35380594,35380595,35380596,35380597,35380598,35380599,35380600,35380601,35380602,35380603,35380604,35380605,35380606,35380607,35380608,35380609,35380610,35380611,35380612,35380613,35380614,35380615,35380616,35380617,35380618,35380619,35380620,35380621,35380622,35380623,35380624,35380625,35380626,35380627,35380628,35380629,35380630,35380631,35380632,35380633,35380634,35380635,35380636,35380637,35380638,35380639,35380640,35380641,35380642,35380643,35380644,35380645,35380646,35380647,35380648,35380649,35380650,35380651,35380652,35380653,35380654,35380655,35380656,35380657,35380658,35380659,35380660,35380661,35380662,35380663,35380664,35380665,35380666,35380667,35380668,35380669,35380670,35380671,35380672,35380673,35380674,35380675,35380676,35380677,35380678,35380679,35380680,35380681,35380682,35380683,35380684,35380685,35380686,35380687,35380688,35380689,35380690,35380691,35380692,35380693,35380694,35380695,35380696,35380697,35380698,35380699,35380700,35380701,35380702,35380703,35380704,35380705,35380706,35380707,35380708,35380709,35380710,35380711,35380712,35380713,35380714,35380715,35380716,35380717,35380718,35380719,35380720,35380721,35380722,35380723,35380724,35380725,35380726,35380727,35380728,35380729,35380730,35380731,35380732,35380733,35380734,35380735,35380736,35380737,35380738,35380739,35380740,35380741,35380742,35380743,35380744,35380745,35380746,35380747,35380748,35380749,35380750,35380751,35380752,35380753,35380754,35380755,35380756,35380757,35380758,35380759,35380760,35380761,35380762,35380763,35380764,35380765,35380766,35380767,35380768,35380769,35380770,35380771,35380772,35380773,35380774,35380775,35380776,35380777,35380778,35380779,35380780,35380781,35380782,35380783,35380784,35380785,35380786,35380787,35380788,35380789,35380790,35380791,35380792,35380793,35380794,35380795,35380796,35380797,35380798,35380799,35380800,35380801,35380802,35380803,35380804,35380805,35380806,35380807,35380808,35380809,35380810,35380811,35380812,35380813,35380814,35380815,35380816,35380817,35380818,35380819,35380820,35380821,35380822,35380823,35380824,35380825,35380826,35380827,35380828,35380829,35380830,35380831,35380832,35380833,35380834,35380835,35380836,35380837,35380838,35380839,35380840,35380841,35380842,35380843,35380844,35380845,35380846,35380847,35380848,35380849,35380850,35380851,35380852,35380853,35380854,35380855,35380856,35380857,35380858,35380859,35380860,35380861,35380862,35380863,35380864,35380865,35380866,35380867,35380868,35380869,35380870,35380871,35380872,35380873,35380874,35380875,35380876,35380877,35380878,35380879,35380880,35380881,35380882,35380883,35380884,35380885,35380886,35380887,35380888,35380889,35380890,35380891,35380892,35380893,35380894,35380895,35380896,35380897,35380898,35380899,35380900,35380901,35380902,35380903,35380904,35380905,35380906,35380907,35380908,35380909,35380910,35380911,35380912,35380913,35380914,35380915,35380916,35380917,35380918,35380919,35380920,35380921,35380922,35380923,35380924,35380925,35380926,35380927,35380928,35380929,35380930,35380931,35380932,35380933,35380934,35380935,35380936,35380937,35380938,35380939,35380940,35380941,35380942,35380943,35380944,35380945,35380946,35380947,35380948,35380949,35380950,35380951,35380952,35380953,35380954,35380955,35380956,35380957,35380958,35380959,35380960,35380961,35380962,35380963,35380964,35380965,35380966,35380967,35380968,35380969,35380970,35380971,35380972,35380973,35380974,35380975,35380976,35380977,35380978,35380979,35380980,35380981,35380982,35380983,35380984,35380985,35380986,35380987,35380988,35380989,35380990,35380991,35380992,35380993,35380994,35380995,35380996,35380997,35380998,35380999,35381000,35381001,35381002,35381003,35381004,35381005,35381006,35381007,35381008,35381009,35381010,35381011,35381012,35381013,35381014,35381015,35381016,35381017,35381018,35381019,35381020,35381021,35381022,35381023,35381024,35381025,35381026,35381027,35381028,35381029,35381030,35381031,35381032,35381033,35381034,35381035,35381036,35381037,35381038,35381039,35381040,35381041,35381042,35381043,35381044,35381045,35381046,35381047,35381048,35381049,35381050,35381051,35381052,35381053,35381054,35381055,35381056,35381057,35381058,35381059,35381060,35381061,35381062,35381063,35381064,35381065,35381066,35381067,35381068,35381069,35381070,35381071,35381072,35381073,35381074,35381075,35381076,35381077,35381078,35381079,35381080,35381081,35381082,35381083,35381084,35381085,35381086,35381087,35381088,35381089,35381090,35381091,35381092,35381093,35381094,35381095,35381096,35381097,35381098,35381099,35381100,35381101,35381102,35381103,35381104,35381105,35381106,35381107,35381108,35381109,35381110,35381111,35381112,35381113,35381114,35381115,35381116,35381117,35381118,35381119,35381120,35381121,35381122,35381123,35381124,35381125,35381126,35381127,35381128,35381129,35381130,35381131,35381132,35381133,35381134,35381135,35381136,35381137,35381138,35381139,35381140,35381141,35381142,35381143,35381144,35381145,35381146,35381147,35381148,35381149,35381150,35381151,35381152,35381153,35381154,35381155,35381156,35381157,35381158,35381159,35381160,35381161,35381162,35381163,35381164,35381165,35381166,35381167,35381168,35381169,35381170,35381171,35381172,35381173,35381174,35381175,35381176,35381177,35381178,35381179,35381180,35381181,35381182,35381183,35381184,35381185,35381186,35381187,35381188,35381189,35381190,35381191,35381192,35381193,35381194,35381195,35381196,35381197,35381198,35381199,35381200,35381201,35381202,35381203,35381204,35381205,35381206,35381207,35381208,35381209,35381210,35381211,35381212,35381213,35381214,35381215,35381216,35381217,35381218,35381219,35381220,35381221,35381222,35381223,35381224,35381225,35381226,35381227,35381228,35381229,35381230,35381231,35381232,35381233,35381234,35381235,35381236,35381237,35381238,35381239,35381240,35381241,35381242,35381243,35381244,35381245,35381246,35381247,35381248,35381249,35381250,35381251,35381252,35381253,35381254,35381255,35381256,35381257,35381258,35381259,35381260,35381261,35381262,35381263,35381264,35381265,35381266,35381267,35381268,35381269,35381270,35381271,35381272,35381273,35381274,35381275,35381276,35381277,35381278,35381279,35381280,35381281,35381282,35381283,35381284,35381285,35381286,35381287,35381288,35381289,35381290,35381291,35381292,35381293,35381294,35381295,35381296,35381297,35381298,35381299,35381300,35381301,35381302,35381303,35381304,35381305,35381306,35381307,35381308,35381309,35381310,35381311,35381312,35381313,35381314,35381315,35381316,35381317,35381318,35381319,35381320,35381321,35381322,35381323,35381324,35381325,35381326,35381327,35381328,35381329,35381330,35381331,35381332,35381333,35381334,35381335,35381336,35381337,35381338,35381339,35381340,35381341,35381342,35381343,35381344,35381345,35381346,35381347,35381348,35381349,35381350,35381351,35381352,35381353,35381354,35381355,35381356,35381357,35381358,35381359,35381360,35381361,35381362,35381363,35381364,35381365,35381366,35381367,35381368,35381369,35381370,35381371,35381372,35381373,35381374,35381375,35381376,35381377,35381378,35381379,35381380,35381381,35381382,35381383,35381384,35381385,35381386,35381387,35381388,35381389,35381390,35381391,35381392,35381393,35381394,35381395,35381396,35381397,35381398,35381399,35381400,35381401,35381402,35381403,35381404,35381405,35381406,35381407,35381408,35381409,35381410,35381411,35381412,35381413,35381414,35381415,35381416,35381417,35381418,35381419,35381420,35381421,35381422,35381423,35381424,35381425,35381426,35381427,35381428,35381429,35381430,35381431,35381432,35381433,35381434,35381435,35381436,35381437,35381438,35381439,35381440,35381441,35381442,35381443,35381444,35381445,35381446,35381447,35381448,35381449,35381450,35381451,35381452,35381453,35381454,35381455,35381456,35381457,35381458,35381459,35381460,35381461,35381462,35381463,35381464,35381465,35381466,35381467,35381468,35381469,35381470,35381471,35381472,35381473,35381474,35381475,35381476,35381477,35381478,35381479,35381480,35381481,35381482,35381483,35381484,35381485,35381486,35381487,35381488,35381489,35381490,35381491,35381492,35381493,35381494,35381495,35381496,35381497,35381498,35381499,35381500,35381501,35381502,35381503,35381504,35381505,35381506,35381507,35381508,35381509,35381510,35381511,35381512,35381513,35381514,35381515,35381516,35381517,35381518,35381519,35381520,35381521,35381522,35381523,35381524,35381525,35381526,35381527,35381528,35381529,35381530,35381531,35381532,35381533,35381534,35381535,35381536,35381537,35381538,35381539,35381540,35381541,35381542,35381543,35381544,35381545,35381546,35381547,35381548,35381549,35381550,35381551,35381552,35381553,35381554,35381555,35381556,35381557,35381558,35381559,35381560,35381561,35381562,35381563,35381564,35381565,35381566,35381567,35381568,35381569,35381570,35381571,35381572,35381573,35381574,35381575,35381576,35381577,35381578,35381579,35381580,35381581,35381582,35381583,35381584,35381585,35381586,35381587,35381588,35381589,35381590,35381591,35381592,35381593,35381594,35381595,35381596,35381597,35381598,35381599,35381600,35381601,35381602,35381603,35381604,35381605,35381606,35381607,35381608,35381609,35381610,35381611,35381612,35381613,35381614,35381615,35381616,35381617,35381618,35381619,35381620,35381621,35381622,35381623,35381624,35381625,35381626,35381627,35381628,35381629,35381630,35381631,35381632,35381633,35381634,35381635,35381636,35381637,35381638,35381639,35381640,35381641,35381642,35381643,35381644,35381645,35381646,35381647,35381648,35381649,35381650,35381651,35381652,35381653,35381654,35381655,35381656,35381657,35381658,35381659,35381660,35381661,35381662,35381663,35381664,35381665,35381666,35381667,35381668,35381669,35381670,35381671,35381672,35381673,35381674,35381675,35381676,35381677,35381678,35381679,35381680,35381681,35381682,35381683,35381684,35381685,35381686,35381687,35381688,35381689,35381690,35381691,35381692,35381693,35381694,35381695,35381696,35381697,35381698,35381699,35381700,35381701,35381702,35381703,35381704,35381705,35381706,35381707,35381708,35381709,35381710,35381711,35381712,35381713,35381714,35381715,35381716,35381717,35381718,35381719,35381720,35381721,35381722,35381723,35381724,35381725,35381726,35381727,35381728,35381729,35381730,35381731,35381732,35381733,35381734,35381735,35381736,35381737,35381738,35381739,35381740,35381741,35381742,35381743,35381744,35381745,35381746,35381747,35381748,35381749,35381750,35381751,35381752,35381753,35381754,35381755,35381756,35381757,35381758,35381759,35381760,35381761,35381762,35381763,35381764,35381765,35381766,35381767,35381768,35381769,35381770,35381771,35381772,35381773,35381774,35381775,35381776,35381777,35381778,35381779,35381780,35381781,35381782,35381783,35381784,35381785,35381786,35381787,35381788,35381789,35381790,35381791,35381792,35381793,35381794,35381795,35381796,35381797,35381798,35381799,35381800,35381801,35381802,35381803,35381804,35381805,35381806,35381807,35381808,35381809,35381810,35381811,35381812,35381813,35381814,35381815,35381816,35381817,35381818,35381819,35381820,35381821,35381822,35381823,35381824,35381825,35381826,35381827,35381828,35381829,35381830,35381831,35381832,35381833,35381834,35381835,35381836,35381837,35381838,35381839,35381840,35381841,35381842,35381843,35381844,35381845,35381846,35381847,35381848,35381849,35381850,35381851,35381852,35381853,35381854,35381855,35381856,35381857,35381858,35381859,35381860,35381861,35381862,35381863,35381864,35381865,35381866,35381867,35381868,35381869,35381870,35381871,35381872,35381873,35381874,35381875,35381876,35381877,35381878,35381879,35381880,35381881,35381882,35381883,35381884,35381885,35381886,35381887,35381888,35381889,35381890,35381891,35381892,35381893,35381894,35381895,35381896,35381897,35381898,35381899,35381900,35381901,35381902,35381903,35381904,35381905,35381906,35381907,35381908,35381909,35381910,35381911,35381912,35381913,35381914,35381915,35381916,35381917,35381918,35381919,35381920,35381921,35381922,35381923,35381924,35381925,35381926,35381927,35381928,35381929,35381930,35381931,35381932,35381933,35381934,35381935,35381936,35381937,35381938,35381939,35381940,35381941,35381942,35381943,35381944,35381945,35381946,35381947,35381948,35381949,35381950,35381951,35381952,35381953,35381954,35381955,35381956,35381957,35381958,35381959,35381960,35381961,35381962,35381963,35381964,35381965,35381966,35381967,35381968,35381969,35381970,35381971,35381972,35381973,35381974,35381975,35381976,35381977,35381978,35381979,35381980,35381981,35381982,35381983,35381984,35381985,35381986,35381987,35381988,35381989,35381990,35381991,35381992,35381993,35381994,35381995,35381996,35381997,35381998,35381999,35382000,35382001,35382002,35382003,35382004,35382005,35382006,35382007,35382008,35382009,35382010,35382011,35382012,35382013,35382014,35382015,35382016,35382017,35382018,35382019,35382020,35382021,35382022,35382023,35382024,35382025,35382026,35382027,35382028,35382029,35382030,35382031,35382032,35382033,35382034,35382035,35382036,35382037,35382038,35382039,35382040,35382041,35382042,35382043,35382044,35382045,35382046,35382047,35382048,35382049,35382050,35382051,35382052,35382053,35382054,35382055,35382056,35382057,35382058,35382059,35382060,35382061,35382062,35382063,35382064,35382065,35382066,35382067,35382068,35382069,35382070,35382071,35382072,35382073,35382074,35382075,35382076,35382077,35382078,35382079,35382080,35382081,35382082,35382083,35382084,35382085,35382086,35382087,35382088,35382089,35382090,35382091,35382092,35382093,35382094,35382095,35382096,35382097,35382098,35382099,35382100,35382101,35382102,35382103,35382104,35382105,35382106,35382107,35382108,35382109,35382110,35382111,35382112,35382113,35382114,35382115,35382116,35382117,35382118,35382119,35382120,35382121,35382122,35382123,35382124,35382125,35382126,35382127,35382128,35382129,35382130,35382131,35382132,35382133,35382134,35382135,35382136,35382137,35382138,35382139,35382140,35382141,35382142,35382143,35382144,35382145,35382146,35382147,35382148,35382149,35382150,35382151,35382152,35382153,35382154,35382155,35382156,35382157,35382158,35382159,35382160,35382161,35382162,35382163,35382164,35382165,35382166,35382167,35382168,35382169,35382170,35382171,35382172,35382173,35382174,35382175,35382176,35382177,35382178,35382179,35382180,35382181,35382182,35382183,35382184,35382185,35382186,35382187,35382188,35382189,35382190,35382191,35382192,35382193,35382194,35382195,35382196,35382197,35382198,35382199,35382200,35382201,35382202,35382203,35382204,35382205,35382206,35382207,35382208,35382209,35382210,35382211,35382212,35382213,35382214,35382215,35382216,35382217,35382218,35382219,35382220,35382221,35382222,35382223,35382224,35382225,35382226,35382227,35382228,35382229,35382230,35382231,35382232,35382233,35382234,35382235,35382236,35382237,35382238,35382239,35382240,35382241,35382242,35382243,35382244,35382245,35382246,35382247,35382248,35382249,35382250,35382251,35382252,35382253,35382254,35382255,35382256,35382257,35382258,35382259,35382260,35382261,35382262,35382263,35382264,35382265,35382266,35382267,35382268,35382269,35382270,35382271,35382272,35382273,35382274,35382275,35382276,35382277,35382278,35382279,35382280,35382281,35382282,35382283,35382284,35382285,35382286,35382287,35382288,35382289,35382290,35382291,35382292,35382293,35382294,35382295,35382296,35382297,35382298,35382299,35382300,35382301,35382302,35382303,35382304,35382305,35382306,35382307,35382308,35382309,35382310,35382311,35382312,35382313,35382314,35382315,35382316,35382317,35382318,35382319,35382320,35382321,35382322,35382323,35382324,35382325,35382326,35382327,35382328,35382329,35382330,35382331,35382332,35382333,35382334,35382335,35382336,35382337,35382338,35382339,35382340,35382341,35382342,35382343,35382344,35382345,35382346,35382347,35382348,35382349,35382350,35382351,35382352,35382353,35382354,35382355,35382356,35382357,35382358,35382359,35382360,35382361,35382362,35382363,35382364,35382365,35382366,35382367,35382368,35382369,35382370,35382371,35382372,35382373,35382374,35382375,35382376,35382377,35382378,35382379,35382380,35382381,35382382,35382383,35382384,35382385,35382386,35382387,35382388,35382389,35382390,35382391,35382392,35382393,35382394,35382395,35382396,35382397,35382398,35382399,35382400,35382401,35382402,35382403,35382404,35382405,35382406,35382407,35382408,35382409,35382410,35382411,35382412,35382413,35382414,35382415,35382416,35382417,35382418,35382419,35382420,35382421,35382422,35382423,35382424,35382425,35382426,35382427,35382428,35382429,35382430,35382431,35382432,35382433,35382434,35382435,35382436,35382437,35382438,35382439,35382440,35382441,35382442,35382443,35382444,35382445,35382446,35382447,35382448,35382449,35382450,35382451,35382452,35382453,35382454,35382455,35382456,35382457,35382458,35382459,35382460,35382461,35382462,35382463,35382464,35382465,35382466,35382467,35382468,35382469,35382470,35382471,35382472,35382473,35382474,35382475,35382476,35382477,35382478,35382479,35382480,35382481,35382482,35382483,35382484,35382485,35382486,35382487,35382488,35382489,35382490,35382491,35382492,35382493,35382494,35382495,35382496,35382497,35382498,35382499,35382500,35382501,35382502,35382503,35382504,35382505,35382506,35382507,35382508,35382509,35382510,35382511,35382512,35382513,35382514,35382515,35382516,35382517,35382518,35382519,35382520,35382521,35382522,35382523,35382524,35382525,35382526,35382527,35382528,35382529,35382530,35382531,35382532,35382533,35382534,35382535,35382536,35382537,35382538,35382539,35382540,35382541,35382542,35382543,35382544,35382545,35382546,35382547,35382548,35382549,35382550,35382551,35382552,35382553,35382554,35382555,35382556,35382557,35382558,35382559,35382560,35382561,35382562,35382563,35382564,35382565,35382566,35382567,35382568,35382569,35382570,35382571,35382572,35382573,35382574,35382575,35382576,35382577,35382578,35382579,35382580,35382581,35382582,35382583,35382584,35382585,35382586,35382587,35382588,35382589,35382590,35382591,35382592,35382593,35382594,35382595,35382596,35382597,35382598,35382599,35382600,35382601,35382602,35382603,35382604,35382605,35382606,35382607,35382608,35382609,35382610,35382611,35382612,35382613,35382614,35382615,35382616,35382617,35382618,35382619,35382620,35382621,35382622,35382623,35382624,35382625,35382626,35382627,35382628,35382629,35382630,35382631,35382632,35382633,35382634,35382635,35382636,35382637,35382638,35382639,35382640,35382641,35382642,35382643,35382644,35382645,35382646,35382647,35382648,35382649,35382650,35382651,35382652,35382653,35382654,35382655,35382656,35382657,35382658,35382659,35382660,35382661,35382662,35382663,35382664,35382665,35382666,35382667,35382668,35382669,35382670,35382671,35382672,35382673,35382674,35382675,35382676,35382677,35382678,35382679,35382680,35382681,35382682,35382683,35382684,35382685,35382686,35382687,35382688,35382689,35382690,35382691,35382692,35382693,35382694,35382695,35382696,35382697,35382698,35382699,35382700,35382701,35382702,35382703,35382704,35382705,35382706,35382707,35382708,35382709,35382710,35382711,35382712,35382713,35382714,35382715,35382716,35382717,35382718,35382719,35382720,35382721,35382722,35382723,35382724,35382725,35382726,35382727,35382728,35382729,35382730,35382731,35382732,35382733,35382734,35382735,35382736,35382737,35382738,35382739,35382740,35382741,35382742,35382743,35382744,35382745,35382746,35382747,35382748,35382749,35382750,35382751,35382752,35382753,35382754,35382755,35382756,35382757,35382758,35382759,35382760,35382761,35382762,35382763,35382764,35382765,35382766,35382767,35382768,35382769,35382770,35382771,35382772,35382773,35382774,35382775,35382776,35382777,35382778,35382779,35382780,35382781,35382782,35382783,35382784,35382785,35382786,35382787,35382788,35382789,35382790,35382791,35382792,35382793,35382794,35382795,35382796,35382797,35382798,35382799,35382800,35382801,35382802,35382803,35382804,35382805,35382806,35382807,35382808,35382809,35382810,35382811,35382812,35382813,35382814,35382815,35382816,35382817,35382818,35382819,35382820,35382821,35382822,35382823,35382824,35382825,35382826,35382827,35382828,35382829,35382830,35382831,35382832,35382833,35382834,35382835,35382836,35382837,35382838,35382839,35382840,35382841,35382842,35382843,35382844,35382845,35382846,35382847,35382848,35382849,35382850,35382851,35382852,35382853,35382854,35382855,35382856,35382857,35382858,35382859,35382860,35382861,35382862,35382863,35382864,35382865,35382866,35382867,35382868,35382869,35382870,35382871,35382872,35382873,35382874,35382875,35382876,35382877,35382878,35382879,35382880,35382881,35382882,35382883,35382884,35382885,35382886,35382887,35382888,35382889,35382890,35382891,35382892,35382893,35382894,35382895,35382896,35382897,35382898,35382899,35382900,35382901,35382902,35382903,35382904,35382905,35382906,35382907,35382908,35382909,35382910,35382911,35382912,35382913,35382914,35382915,35382916,35382917,35382918,35382919,35382920,35382921,35382922,35382923,35382924,35382925,35382926,35382927,35382928,35382929,35382930,35382931,35382932,35382933,35382934,35382935,35382936,35382937,35382938,35382939,35382940,35382941,35382942,35382943,35382944,35382945,35382946,35382947,35382948,35382949,35382950,35382951,35382952,35382953,35382954,35382955,35382956,35382957,35382958,35382959,35382960,35382961,35382962,35382963,35382964,35382965,35382966,35382967,35382968,35382969,35382970,35382971,35382972,35382973,35382974,35382975,35382976,35382977,35382978,35382979,35382980,35382981,35382982,35382983,35382984,35382985,35382986,35382987,35382988,35382989,35382990,35382991,35382992,35382993,35382994,35382995,35382996,35382997,35382998,35382999,35383000,35383001,35383002,35383003,35383004,35383005,35383006,35383007,35383008,35383009,35383010,35383011,35383012,35383013,35383014,35383015,35383016,35383017,35383018,35383019,35383020,35383021,35383022,35383023,35383024,35383025,35383026,35383027,35383028,35383029,35383030,35383031,35383032,35383033,35383034,35383035,35383036,35383037,35383038,35383039,35383040,35383041,35383042,35383043,35383044,35383045,35383046,35383047,35383048,35383049,35383050,35383051,35383052,35383053,35383054,35383055,35383056,35383057,35383058,35383059,35383060,35383061,35383062,35383063,35383064,35383065,35383066,35383067,35383068,35383069,35383070,35383071,35383072,35383073,35383074,35383075,35383076,35383077,35383078,35383079,35383080,35383081,35383082,35383083,35383084,35383085,35383086,35383087,35383088,35383089,35383090,35383091,35383092,35383093,35383094,35383095,35383096,35383097,35383098,35383099,35383100,35383101,35383102,35383103,35383104,35383105,35383106,35383107,35383108,35383109,35383110,35383111,35383112,35383113,35383114,35383115,35383116,35383117,35383118,35383119,35383120,35383121,35383122,35383123,35383124,35383125,35383126,35383127,35383128,35383129,35383130,35383131,35383132,35383133,35383134,35383135,35383136,35383137,35383138,35383139,35383140,35383141,35383142,35383143,35383144,35383145,35383146,35383147,35383148,35383149,35383150,35383151,35383152,35383153,35383154,35383155,35383156,35383157,35383158,35383159,35383160,35383161,35383162,35383163,35383164,35383165,35383166,35383167,35383168,35383169,35383170,35383171,35383172,35383173,35383174,35383175,35383176,35383177,35383178,35383179,35383180,35383181,35383182,35383183,35383184,35383185,35383186,35383187,35383188,35383189,35383190,35383191,35383192,35383193,35383194,35383195,35383196,35383197,35383198,35383199,35383200,35383201,35383202,35383203,35383204,35383205,35383206,35383207,35383208,35383209,35383210,35383211,35383212,35383213,35383214,35383215,35383216,35383217,35383218,35383219,35383220,35383221,35383222,35383223,35383224,35383225,35383226,35383227,35383228,35383229,35383230,35383231,35383232,35383233,35383234,35383235,35383236,35383237,35383238,35383239,35383240,35383241,35383242,35383243,35383244,35383245,35383246,35383247,35383248,35383249,35383250,35383251,35383252,35383253,35383254,35383255,35383256,35383257,35383258,35383259,35383260,35383261,35383262,35383263,35383264,35383265,35383266,35383267,35383268,35383269,35383270,35383271,35383272,35383273,35383274,35383275,35383276,35383277,35383278,35383279,35383280,35383281,35383282,35383283,35383284,35383285,35383286,35383287,35383288,35383289,35383290,35383291,35383292,35383293,35383294,35383295,35383296,35383297,35383298,35383299,35383300,35383301,35383302,35383303,35383304,35383305,35383306,35383307,35383308,35383309,35383310,35383311,35383312,35383313,35383314,35383315,35383316,35383317,35383318,35383319,35383320,35383321,35383322,35383323,35383324,35383325,35383326,35383327,35383328,35383329,35383330,35383331,35383332,35383333,35383334,35383335,35383336,35383337,35383338,35383339,35383340,35383341,35383342,35383343,35383344,35383345,35383346,35383347,35383348,35383349,35383350,35383351,35383352,35383353,35383354,35383355,35383356,35383357,35383358,35383359,35383360,35383361,35383362,35383363,35383364,35383365,35383366,35383367,35383368,35383369,35383370,35383371,35383372,35383373,35383374,35383375,35383376,35383377,35383378,35383379,35383380,35383381,35383382,35383383,35383384,35383385,35383386,35383387,35383388,35383389,35383390,35383391,35383392,35383393,35383394,35383395,35383396,35383397,35383398,35383399,35383400,35383401,35383402,35383403,35383404,35383405,35383406,35383407,35383408,35383409,35383410,35383411,35383412,35383413,35383414,35383415,35383416,35383417,35383418,35383419,35383420,35383421,35383422,35383423,35383424,35383425,35383426,35383427,35383428,35383429,35383430,35383431,35383432,35383433,35383434,35383435,35383436,35383437,35383438,35383439,35383440,35383441,35383442,35383443,35383444,35383445,35383446,35383447,35383448,35383449,35383450,35383451,35383452,35383453,35383454,35383455,35383456,35383457,35383458,35383459,35383460,35383461,35383462,35383463,35383464,35383465,35383466,35383467,35383468,35383469,35383470,35383471,35383472,35383473,35383474,35383475,35383476,35383477,35383478,35383479,35383480,35383481,35383482,35383483,35383484,35383485,35383486,35383487,35383488,35383489,35383490,35383491,35383492,35383493,35383494,35383495,35383496,35383497,35383498,35383499,35383500,35383501,35383502,35383503,35383504,35383505,35383506,35383507,35383508,35383509,35383510,35383511,35383512,35383513,35383514,35383515,35383516,35383517,35383518,35383519,35383520,35383521,35383522,35383523,35383524,35383525,35383526,35383527,35383528,35383529,35383530,35383531,35383532,35383533,35383534,35383535,35383536,35383537,35383538,35383539,35383540,35383541,35383542,35383543,35383544,35383545,35383546,35383547,35383548,35383549,35383550,35383551,35383552,35383553,35383554,35383555,35383556,35383557,35383558,35383559,35383560,35383561,35383562,35383563,35383564,35383565,35383566,35383567,35383568,35383569,35383570,35383571,35383572,35383573,35383574,35383575,35383576,35383577,35383578,35383579,35383580,35383581,35383582,35383583,35383584,35383585,35383586,35383587,35383588,35383589,35383590,35383591,35383592,35383593,35383594,35383595,35383596,35383597,35383598,35383599,35383600,35383601,35383602,35383603,35383604,35383605,35383606,35383607,35383608,35383609,35383610,35383611,35383612,35383613,35383614,35383615,35383616,35383617,35383618,35383619,35383620,35383621,35383622,35383623,35383624,35383625,35383626,35383627,35383628,35383629,35383630,35383631,35383632,35383633,35383634,35383635,35383636,35383637,35383638,35383639,35383640,35383641,35383642,35383643,35383644,35383645,35383646,35383647,35383648,35383649,35383650,35383651,35383652,35383653,35383654,35383655,35383656,35383657,35383658,35383659,35383660,35383661,35383662,35383663,35383664,35383665,35383666,35383667,35383668,35383669,35383670,35383671,35383672,35383673,35383674,35383675,35383676,35383677,35383678,35383679,35383680,35383681,35383682,35383683,35383684,35383685,35383686,35383687,35383688,35383689,35383690,35383691,35383692,35383693,35383694,35383695,35383696,35383697,35383698,35383699,35383700,35383701,35383702,35383703,35383704,35383705,35383706,35383707,35383708,35383709,35383710,35383711,35383712,35383713,35383714,35383715,35383716,35383717,35383718,35383719,35383720,35383721,35383722,35383723,35383724,35383725,35383726,35383727,35383728,35383729,35383730,35383731,35383732,35383733,35383734,35383735,35383736,35383737,35383738,35383739,35383740,35383741,35383742,35383743,35383744,35383745,35383746,35383747,35383748,35383749,35383750,35383751,35383752,35383753,35383754,35383755,35383756,35383757,35383758,35383759,35383760,35383761,35383762,35383763,35383764,35383765,35383766,35383767,35383768,35383769,35383770,35383771,35383772,35383773,35383774,35383775,35383776,35383777,35383778,35383779,35383780,35383781,35383782,35383783,35383784,35383785,35383786,35383787,35383788,35383789,35383790,35383791,35383792,35383793,35383794,35383795,35383796,35383797,35383798,35383799,35383800,35383801,35383802,35383803,35383804,35383805,35383806,35383807,35383808,35383809,35383810,35383811,35383812,35383813,35383814,35383815,35383816,35383817,35383818,35383819,35383820,35383821,35383822,35383823,35383824,35383825,35383826,35383827,35383828,35383829,35383830,35383831,35383832,35383833,35383834,35383835,35383836,35383837,35383838,35383839,35383840,35383841,35383842,35383843,35383844,35383845,35383846,35383847,35383848,35383849,35383850,35383851,35383852,35383853,35383854,35383855,35383856,35383857,35383858,35383859,35383860,35383861,35383862,35383863,35383864,35383865,35383866,35383867,35383868,35383869,35383870,35383871,35383872,35383873,35383874,35383875,35383876,35383877,35383878,35383879,35383880,35383881,35383882,35383883,35383884,35383885,35383886,35383887,35383888,35383889,35383890,35383891,35383892,35383893,35383894,35383895,35383896,35383897,35383898,35383899,35383900,35383901,35383902,35383903,35383904,35383905,35383906,35383907,35383908,35383909,35383910,35383911,35383912,35383913,35383914,35383915,35383916,35383917,35383918,35383919,35383920,35383921,35383922,35383923,35383924,35383925,35383926,35383927,35383928,35383929,35383930,35383931,35383932,35383933,35383934,35383935,35383936,35383937,35383938,35383939,35383940,35383941,35383942,35383943,35383944,35383945,35383946,35383947,35383948,35383949,35383950,35383951,35383952,35383953,35383954,35383955,35383956,35383957,35383958,35383959,35383960,35383961,35383962,35383963,35383964,35383965,35383966,35383967,35383968,35383969,35383970,35383971,35383972,35383973,35383974,35383975,35383976,35383977,35383978,35383979,35383980,35383981,35383982,35383983,35383984,35383985,35383986,35383987,35383988,35383989,35383990,35383991,35383992,35383993,35383994,35383995,35383996,35383997,35383998,35383999,35384000,35384001,35384002,35384003,35384004,35384005,35384006,35384007,35384008,35384009,35384010,35384011,35384012,35384013,35384014,35384015,35384016,35384017,35384018,35384019,35384020,35384021,35384022,35384023,35384024,35384025,35384026,35384027,35384028,35384029,35384030,35384031,35384032,35384033,35384034,35384035,35384036,35384037,35384038,35384039,35384040,35384041,35384042,35384043,35384044,35384045,35384046,35384047,35384048,35384049,35384050,35384051,35384052,35384053,35384054,35384055,35384056,35384057,35384058,35384059,35384060,35384061,35384062,35384063,35384064,35384065,35384066,35384067,35384068,35384069,35384070,35384071,35384072,35384073,35384074,35384075,35384076,35384077,35384078,35384079,35384080,35384081,35384082,35384083,35384084,35384085,35384086,35384087,35384088,35384089,35384090,35384091,35384092,35384093,35384094,35384095,35384096,35384097,35384098,35384099,35384100,35384101,35384102,35384103,35384104,35384105,35384106,35384107,35384108,35384109,35384110,35384111,35384112,35384113,35384114,35384115,35384116,35384117,35384118,35384119,35384120,35384121,35384122,35384123,35384124,35384125,35384126,35384127,35384128,35384129,35384130,35384131,35384132,35384133,35384134,35384135,35384136,35384137,35384138,35384139,35384140,35384141,35384142,35384143,35384144,35384145,35384146,35384147,35384148,35384149,35384150,35384151,35384152,35384153,35384154,35384155,35384156,35384157,35384158,35384159,35384160,35384161,35384162,35384163,35384164,35384165,35384166,35384167,35384168,35384169,35384170,35384171,35384172,35384173,35384174,35384175,35384176,35384177,35384178,35384179,35384180,35384181,35384182,35384183,35384184,35384185,35384186,35384187,35384188,35384189,35384190,35384191,35384192,35384193,35384194,35384195,35384196,35384197,35384198,35384199,35384200,35384201,35384202,35384203,35384204,35384205,35384206,35384207,35384208,35384209,35384210,35384211,35384212,35384213,35384214,35384215,35384216,35384217,35384218,35384219,35384220,35384221,35384222,35384223,35384224,35384225,35384226,35384227,35384228,35384229,35384230,35384231,35384232,35384233,35384234,35384235,35384236,35384237,35384238,35384239,35384240,35384241,35384242,35384243,35384244,35384245,35384246,35384247,35384248,35384249,35384250,35384251,35384252,35384253,35384254,35384255,35384256,35384257,35384258,35384259,35384260,35384261,35384262,35384263,35384264,35384265,35384266,35384267,35384268,35384269,35384270,35384271,35384272,35384273,35384274,35384275,35384276,35384277,35384278,35384279,35384280,35384281,35384282,35384283,35384284,35384285,35384286,35384287,35384288,35384289,35384290,35384291,35384292,35384293,35384294,35384295,35384296,35384297,35384298,35384299,35384300,35384301,35384302,35384303,35384304,35384305,35384306,35384307,35384308,35384309,35384310,35384311,35384312,35384313,35384314,35384315,35384316,35384317,35384318,35384319,35384320,35384321,35384322,35384323,35384324,35384325,35384326,35384327,35384328,35384329,35384330,35384331,35384332,35384333,35384334,35384335,35384336,35384337,35384338,35384339,35384340,35384341,35384342,35384343,35384344,35384345,35384346,35384347,35384348,35384349,35384350,35384351,35384352,35384353,35384354,35384355,35384356,35384357,35384358,35384359,35384360,35384361,35384362,35384363,35384364,35384365,35384366,35384367,35384368,35384369,35384370,35384371,35384372,35384373,35384374,35384375,35384376,35384377,35384378,35384379,35384380,35384381,35384382,35384383,35384384,35384385,35384386,35384387,35384388,35384389,35384390,35384391,35384392,35384393,35384394,35384395,35384396,35384397,35384398,35384399,35384400,35384401,35384402,35384403,35384404,35384405,35384406,35384407,35384408,35384409,35384410,35384411,35384412,35384413,35384414,35384415,35384416,35384417,35384418,35384419,35384420,35384421,35384422,35384423,35384424,35384425,35384426,35384427,35384428,35384429,35384430,35384431,35384432,35384433,35384434,35384435,35384436,35384437,35384438,35384439,35384440,35384441,35384442,35384443,35384444,35384445,35384446,35384447,35384448,35384449,35384450,35384451,35384452,35384453,35384454,35384455,35384456,35384457,35384458,35384459,35384460,35384461,35384462,35384463,35384464,35384465,35384466,35384467,35384468,35384469,35384470,35384471,35384472,35384473,35384474,35384475,35384476,35384477,35384478,35384479,35384480,35384481,35384482,35384483,35384484,35384485,35384486,35384487,35384488,35384489,35384490,35384491,35384492,35384493,35384494,35384495,35384496,35384497,35384498,35384499,35384500,35384501,35384502,35384503,35384504,35384505,35384506,35384507,35384508,35384509,35384510,35384511,35384512,35384513,35384514,35384515,35384516,35384517,35384518,35384519,35384520,35384521,35384522,35384523,35384524,35384525,35384526,35384527,35384528,35384529,35384530,35384531,35384532,35384533,35384534,35384535,35384536,35384537,35384538,35384539,35384540,35384541,35384542,35384543,35384544,35384545,35384546,35384547,35384548,35384549,35384550,35384551,35384552,35384553,35384554,35384555,35384556,35384557,35384558,35384559,35384560,35384561,35384562,35384563,35384564,35384565,35384566,35384567,35384568,35384569,35384570,35384571,35384572,35384573,35384574,35384575,35384576,35384577,35384578,35384579,35384580,35384581,35384582,35384583,35384584,35384585,35384586,35384587,35384588,35384589,35384590,35384591,35384592,35384593,35384594,35384595,35384596,35384597,35384598,35384599,35384600,35384601,35384602,35384603,35384604,35384605,35384606,35384607,35384608,35384609,35384610,35384611,35384612,35384613,35384614,35384615,35384616,35384617,35384618,35384619,35384620,35384621,35384622,35384623,35384624,35384625,35384626,35384627,35384628,35384629,35384630,35384631,35384632,35384633,35384634,35384635,35384636,35384637,35384638,35384639,35384640,35384641,35384642,35384643,35384644,35384645,35384646,35384647,35384648,35384649,35384650,35384651,35384652,35384653,35384654,35384655,35384656,35384657,35384658,35384659,35384660,35384661,35384662,35384663,35384664,35384665,35384666,35384667,35384668,35384669,35384670,35384671,35384672,35384673,35384674,35384675,35384676,35384677,35384678,35384679,35384680,35384681,35384682,35384683,35384684,35384685,35384686,35384687,35384688,35384689,35384690,35384691,35384692,35384693,35384694,35384695,35384696,35384697,35384698,35384699,35384700,35384701,35384702,35384703,35384704,35384705,35384706,35384707,35384708,35384709,35384710,35384711,35384712,35384713,35384714,35384715,35384716,35384717,35384718,35384719,35384720,35384721,35384722,35384723,35384724,35384725,35384726,35384727,35384728,35384729,35384730,35384731,35384732,35384733,35384734,35384735,35384736,35384737,35384738,35384739,35384740,35384741,35384742,35384743,35384744,35384745,35384746,35384747,35384748,35384749,35384750,35384751,35384752,35384753,35384754,35384755,35384756,35384757,35384758,35384759,35384760,35384761,35384762,35384763,35384764,35384765,35384766,35384767,35384768,35384769,35384770,35384771,35384772,35384773,35384774,35384775,35384776,35384777,35384778,35384779,35384780,35384781,35384782,35384783,35384784,35384785,35384786,35384787,35384788,35384789,35384790,35384791,35384792,35384793,35384794,35384795,35384796,35384797,35384798,35384799,35384800,35384801,35384802,35384803,35384804,35384805,35384806,35384807,35384808,35384809,35384810,35384811,35384812,35384813,35384814,35384815,35384816,35384817,35384818,35384819,35384820,35384821,35384822,35384823,35384824,35384825,35384826,35384827,35384828,35384829,35384830,35384831,35384832,35384833,35384834,35384835,35384836,35384837,35384838,35384839,35384840,35384841,35384842,35384843,35384844,35384845,35384846,35384847,35384848,35384849,35384850,35384851,35384852,35384853,35384854,35384855,35384856,35384857,35384858,35384859,35384860,35384861,35384862,35384863,35384864,35384865,35384866,35384867,35384868,35384869,35384870,35384871,35384872,35384873,35384874,35384875,35384876,35384877,35384878,35384879,35384880,35384881,35384882,35384883,35384884,35384885,35384886,35384887,35384888,35384889,35384890,35384891,35384892,35384893,35384894,35384895,35384896,35384897,35384898,35384899,35384900,35384901,35384902,35384903,35384904,35384905,35384906,35384907,35384908,35384909,35384910,35384911,35384912,35384913,35384914,35384915,35384916,35384917,35384918,35384919,35384920,35384921,35384922,35384923,35384924,35384925,35384926,35384927,35384928,35384929,35384930,35384931,35384932,35384933,35384934,35384935,35384936,35384937,35384938,35384939,35384940,35384941,35384942,35384943,35384944,35384945,35384946,35384947,35384948,35384949,35384950,35384951,35384952,35384953,35384954,35384955,35384956,35384957,35384958,35384959,35384960,35384961,35384962,35384963,35384964,35384965,35384966,35384967,35384968,35384969,35384970,35384971,35384972,35384973,35384974,35384975,35384976,35384977,35384978,35384979,35384980,35384981,35384982,35384983,35384984,35384985,35384986,35384987,35384988,35384989,35384990,35384991,35384992,35384993,35384994,35384995,35384996,35384997,35384998,35384999,35385000,35385001,35385002,35385003,35385004,35385005,35385006,35385007,35385008,35385009,35385010,35385011,35385012,35385013,35385014,35385015,35385016,35385017,35385018,35385019,35385020,35385021,35385022,35385023,35385024,35385025,35385026,35385027,35385028,35385029,35385030,35385031,35385032,35385033,35385034,35385035,35385036,35385037,35385038,35385039,35385040,35385041,35385042,35385043,35385044,35385045,35385046,35385047,35385048,35385049,35385050,35385051,35385052,35385053,35385054,35385055,35385056,35385057,35385058,35385059,35385060,35385061,35385062,35385063,35385064,35385065,35385066,35385067,35385068,35385069,35385070,35385071,35385072,35385073,35385074,35385075,35385076,35385077,35385078,35385079,35385080,35385081,35385082,35385083,35385084,35385085,35385086,35385087,35385088,35385089,35385090,35385091,35385092,35385093,35385094,35385095,35385096,35385097,35385098,35385099,35385100,35385101,35385102,35385103,35385104,35385105,35385106,35385107,35385108,35385109,35385110,35385111,35385112,35385113,35385114,35385115,35385116,35385117,35385118,35385119,35385120,35385121,35385122,35385123,35385124,35385125,35385126,35385127,35385128,35385129,35385130,35385131,35385132,35385133,35385134,35385135,35385136,35385137,35385138,35385139,35385140,35385141,35385142,35385143,35385144,35385145,35385146,35385147,35385148,35385149,35385150,35385151,35385152,35385153,35385154,35385155,35385156,35385157,35385158,35385159,35385160,35385161,35385162,35385163,35385164,35385165,35385166,35385167,35385168,35385169,35385170,35385171,35385172,35385173,35385174,35385175,35385176,35385177,35385178,35385179,35385180,35385181,35385182,35385183,35385184,35385185,35385186,35385187,35385188,35385189,35385190,35385191,35385192,35385193,35385194,35385195,35385196,35385197,35385198,35385199,35385200,35385201,35385202,35385203,35385204,35385205,35385206,35385207,35385208,35385209,35385210,35385211,35385212,35385213,35385214,35385215,35385216,35385217,35385218,35385219,35385220,35385221,35385222,35385223,35385224,35385225,35385226,35385227,35385228,35385229,35385230,35385231,35385232,35385233,35385234,35385235,35385236,35385237,35385238,35385239,35385240,35385241,35385242,35385243,35385244,35385245,35385246,35385247,35385248,35385249,35385250,35385251,35385252,35385253,35385254,35385255,35385256,35385257,35385258,35385259,35385260,35385261,35385262,35385263,35385264,35385265,35385266,35385267,35385268,35385269,35385270,35385271,35385272,35385273,35385274,35385275,35385276,35385277,35385278,35385279,35385280,35385281,35385282,35385283,35385284,35385285,35385286,35385287,35385288,35385289,35385290,35385291,35385292,35385293,35385294,35385295,35385296,35385297,35385298,35385299,35385300,35385301,35385302,35385303,35385304,35385305,35385306,35385307,35385308,35385309,35385310,35385311,35385312,35385313,35385314,35385315,35385316,35385317,35385318,35385319,35385320,35385321,35385322,35385323,35385324,35385325,35385326,35385327,35385328,35385329,35385330,35385331,35385332,35385333,35385334,35385335,35385336,35385337,35385338,35385339,35385340,35385341,35385342,35385343,35385344,35385345,35385346,35385347,35385348,35385349,35385350,35385351,35385352,35385353,35385354,35385355,35385356,35385357,35385358,35385359,35385360,35385361,35385362,35385363,35385364,35385365,35385366,35385367,35385368,35385369,35385370,35385371,35385372,35385373,35385374,35385375,35385376,35385377,35385378,35385379,35385380,35385381,35385382,35385383,35385384,35385385,35385386,35385387,35385388,35385389,35385390,35385391,35385392,35385393,35385394,35385395,35385396,35385397,35385398,35385399,35385400,35385401,35385402,35385403,35385404,35385405,35385406,35385407,35385408,35385409,35385410,35385411,35385412,35385413,35385414,35385415,35385416,35385417,35385418,35385419,35385420,35385421,35385422,35385423,35385424,35385425,35385426,35385427,35385428,35385429,35385430,35385431,35385432,35385433,35385434,35385435,35385436,35385437,35385438,35385439,35385440,35385441,35385442,35385443,35385444,35385445,35385446,35385447,35385448,35385449,35385450,35385451,35385452,35385453,35385454,35385455,35385456,35385457,35385458,35385459,35385460,35385461,35385462,35385463,35385464,35385465,35385466,35385467,35385468,35385469,35385470,35385471,35385472,35385473,35385474,35385475,35385476,35385477,35385478,35385479,35385480,35385481,35385482,35385483,35385484,35385485,35385486,35385487,35385488,35385489,35385490,35385491,35385492,35385493,35385494,35385495,35385496,35385497,35385498,35385499,35385500,35385501,35385502,35385503,35385504,35385505,35385506,35385507,35385508,35385509,35385510,35385511,35385512,35385513,35385514,35385515,35385516,35385517,35385518,35385519,35385520,35385521,35385522,35385523,35385524,35385525,35385526,35385527,35385528,35385529,35385530,35385531,35385532,35385533,35385534,35385535,35385536,35385537,35385538,35385539,35385540,35385541,35385542,35385543,35385544,35385545,35385546,35385547,35385548,35385549,35385550,35385551,35385552,35385553,35385554,35385555,35385556,35385557,35385558,35385559,35385560,35385561,35385562,35385563,35385564,35385565,35385566,35385567,35385568,35385569,35385570,35385571,35385572,35385573,35385574,35385575,35385576,35385577,35385578,35385579,35385580,35385581,35385582,35385583,35385584,35385585,35385586,35385587,35385588,35385589,35385590,35385591,35385592,35385593,35385594,35385595,35385596,35385597,35385598,35385599,35385600,35385601,35385602,35385603,35385604,35385605,35385606,35385607,35385608,35385609,35385610,35385611,35385612,35385613,35385614,35385615,35385616,35385617,35385618,35385619,35385620,35385621,35385622,35385623,35385624,35385625,35385626,35385627,35385628,35385629,35385630,35385631,35385632,35385633,35385634,35385635,35385636,35385637,35385638,35385639,35385640,35385641,35385642,35385643,35385644,35385645,35385646,35385647,35385648,35385649,35385650,35385651,35385652,35385653,35385654,35385655,35385656,35385657,35385658,35385659,35385660,35385661,35385662,35385663,35385664,35385665,35385666,35385667,35385668,35385669,35385670,35385671,35385672,35385673,35385674,35385675,35385676,35385677,35385678,35385679,35385680,35385681,35385682,35385683,35385684,35385685,35385686,35385687,35385688,35385689,35385690,35385691,35385692,35385693,35385694,35385695,35385696,35385697,35385698,35385699,35385700,35385701,35385702,35385703,35385704,35385705,35385706,35385707,35385708,35385709,35385710,35385711,35385712,35385713,35385714,35385715,35385716,35385717,35385718,35385719,35385720,35385721,35385722,35385723,35385724,35385725,35385726,35385727,35385728,35385729,35385730,35385731,35385732,35385733,35385734,35385735,35385736,35385737,35385738,35385739,35385740,35385741,35385742,35385743,35385744,35385745,35385746,35385747,35385748,35385749,35385750,35385751,35385752,35385753,35385754,35385755,35385756,35385757,35385758,35385759,35385760,35385761,35385762,35385763,35385764,35385765,35385766,35385767,35385768,35385769,35385770,35385771,35385772,35385773,35385774,35385775,35385776,35385777,35385778,35385779,35385780,35385781,35385782,35385783,35385784,35385785,35385786,35385787,35385788,35385789,35385790,35385791,35385792,35385793,35385794,35385795,35385796,35385797,35385798,35385799,35385800,35385801,35385802,35385803,35385804,35385805,35385806,35385807,35385808,35385809,35385810,35385811,35385812,35385813,35385814,35385815,35385816,35385817,35385818,35385819,35385820,35385821,35385822,35385823,35385824,35385825,35385826,35385827,35385828,35385829,35385830,35385831,35385832,35385833,35385834,35385835,35385836,35385837,35385838,35385839,35385840,35385841,35385842,35385843,35385844,35385845,35385846,35385847,35385848,35385849,35385850,35385851,35385852,35385853,35385854,35385855,35385856,35385857,35385858,35385859,35385860,35385861,35385862,35385863,35385864,35385865,35385866,35385867,35385868,35385869,35385870,35385871,35385872,35385873,35385874,35385875,35385876,35385877,35385878,35385879,35385880,35385881,35385882,35385883,35385884,35385885,35385886,35385887,35385888,35385889,35385890,35385891,35385892,35385893,35385894,35385895,35385896,35385897,35385898,35385899,35385900,35385901,35385902,35385903,35385904,35385905,35385906,35385907,35385908,35385909,35385910,35385911,35385912,35385913,35385914,35385915,35385916,35385917,35385918,35385919,35385920,35385921,35385922,35385923,35385924,35385925,35385926,35385927,35385928,35385929,35385930,35385931,35385932,35385933,35385934,35385935,35385936,35385937,35385938,35385939,35385940,35385941,35385942,35385943,35385944,35385945,35385946,35385947,35385948,35385949,35385950,35385951,35385952,35385953,35385954,35385955,35385956,35385957,35385958,35385959,35385960,35385961,35385962,35385963,35385964,35385965,35385966,35385967,35385968,35385969,35385970,35385971,35385972,35385973,35385974,35385975,35385976,35385977,35385978,35385979,35385980,35385981,35385982,35385983,35385984,35385985,35385986,35385987,35385988,35385989,35385990,35385991,35385992,35385993,35385994,35385995,35385996,35385997,35385998,35385999,35386000,35386001,35386002,35386003,35386004,35386005,35386006,35386007,35386008,35386009,35386010,35386011,35386012,35386013,35386014,35386015,35386016,35386017,35386018,35386019,35386020,35386021,35386022,35386023,35386024,35386025,35386026,35386027,35386028,35386029,35386030,35386031,35386032,35386033,35386034,35386035,35386036,35386037,35386038,35386039,35386040,35386041,35386042,35386043,35386044,35386045,35386046,35386047,35386048,35386049,35386050,35386051,35386052,35386053,35386054,35386055,35386056,35386057,35386058,35386059,35386060,35386061,35386062,35386063,35386064,35386065,35386066,35386067,35386068,35386069,35386070,35386071,35386072,35386073,35386074,35386075,35386076,35386077,35386078,35386079,35386080,35386081,35386082,35386083,35386084,35386085,35386086,35386087,35386088,35386089,35386090,35386091,35386092,35386093,35386094,35386095,35386096,35386097,35386098,35386099,35386100,35386101,35386102,35386103,35386104,35386105,35386106,35386107,35386108,35386109,35386110,35386111,35386112,35386113,35386114,35386115,35386116,35386117,35386118,35386119,35386120,35386121,35386122,35386123,35386124,35386125,35386126,35386127,35386128,35386129,35386130,35386131,35386132,35386133,35386134,35386135,35386136,35386137,35386138,35386139,35386140,35386141,35386142,35386143,35386144,35386145,35386146,35386147,35386148,35386149,35386150,35386151,35386152,35386153,35386154,35386155,35386156,35386157,35386158,35386159,35386160,35386161,35386162,35386163,35386164,35386165,35386166,35386167,35386168,35386169,35386170,35386171,35386172,35386173,35386174,35386175,35386176,35386177,35386178,35386179,35386180,35386181,35386182,35386183,35386184,35386185,35386186,35386187,35386188,35386189,35386190,35386191,35386192,35386193,35386194,35386195,35386196,35386197,35386198,35386199,35386200,35386201,35386202,35386203,35386204,35386205,35386206,35386207,35386208,35386209,35386210,35386211,35386212,35386213,35386214,35386215,35386216,35386217,35386218,35386219,35386220,35386221,35386222,35386223,35386224,35386225,35386226,35386227,35386228,35386229,35386230,35386231,35386232,35386233,35386234,35386235,35386236,35386237,35386238,35386239,35386240,35386241,35386242,35386243,35386244,35386245,35386246,35386247,35386248,35386249,35386250,35386251,35386252,35386253,35386254,35386255,35386256,35386257,35386258,35386259,35386260,35386261,35386262,35386263,35386264,35386265,35386266,35386267,35386268,35386269,35386270,35386271,35386272,35386273,35386274,35386275,35386276,35386277,35386278,35386279,35386280,35386281,35386282,35386283,35386284,35386285,35386286,35386287,35386288,35386289,35386290,35386291,35386292,35386293,35386294,35386295,35386296,35386297,35386298,35386299,35386300,35386301,35386302,35386303,35386304,35386305,35386306,35386307,35386308,35386309,35386310,35386311,35386312,35386313,35386314,35386315,35386316,35386317,35386318,35386319,35386320,35386321,35386322,35386323,35386324,35386325,35386326,35386327,35386328,35386329,35386330,35386331,35386332,35386333,35386334,35386335,35386336,35386337,35386338,35386339,35386340,35386341,35386342,35386343,35386344,35386345,35386346,35386347,35386348,35386349,35386350,35386351,35386352,35386353,35386354,35386355,35386356,35386357,35386358,35386359,35386360,35386361,35386362,35386363,35386364,35386365,35386366,35386367,35386368,35386369,35386370,35386371,35386372,35386373,35386374,35386375,35386376,35386377,35386378,35386379,35386380,35386381,35386382,35386383,35386384,35386385,35386386,35386387,35386388,35386389,35386390,35386391,35386392,35386393,35386394,35386395,35386396,35386397,35386398,35386399,35386400,35386401,35386402,35386403,35386404,35386405,35386406,35386407,35386408,35386409,35386410,35386411,35386412,35386413,35386414,35386415,35386416,35386417,35386418,35386419,35386420,35386421,35386422,35386423,35386424,35386425,35386426,35386427,35386428,35386429,35386430,35386431,35386432,35386433,35386434,35386435,35386436,35386437,35386438,35386439,35386440,35386441,35386442,35386443,35386444,35386445,35386446,35386447,35386448,35386449,35386450,35386451,35386452,35386453,35386454,35386455,35386456,35386457,35386458,35386459,35386460,35386461,35386462,35386463,35386464,35386465,35386466,35386467,35386468,35386469,35386470,35386471,35386472,35386473,35386474,35386475,35386476,35386477,35386478,35386479,35386480,35386481,35386482,35386483,35386484,35386485,35386486,35386487,35386488,35386489,35386490,35386491,35386492,35386493,35386494,35386495,35386496,35386497,35386498,35386499,35386500,35386501,35386502,35386503,35386504,35386505,35386506,35386507,35386508,35386509,35386510,35386511,35386512,35386513,35386514,35386515,35386516,35386517,35386518,35386519,35386520,35386521,35386522,35386523,35386524,35386525,35386526,35386527,35386528,35386529,35386530,35386531,35386532,35386533,35386534,35386535,35386536,35386537,35386538,35386539,35386540,35386541,35386542,35386543,35386544,35386545,35386546,35386547,35386548,35386549,35386550,35386551,35386552,35386553,35386554,35386555,35386556,35386557,35386558,35386559,35386560,35386561,35386562,35386563,35386564,35386565,35386566,35386567,35386568,35386569,35386570,35386571,35386572,35386573,35386574,35386575,35386576,35386577,35386578,35386579,35386580,35386581,35386582,35386583,35386584,35386585,35386586,35386587,35386588,35386589,35386590,35386591,35386592,35386593,35386594,35386595,35386596,35386597,35386598,35386599,35386600,35386601,35386602,35386603,35386604,35386605,35386606,35386607,35386608,35386609,35386610,35386611,35386612,35386613,35386614,35386615,35386616,35386617,35386618,35386619,35386620,35386621,35386622,35386623,35386624,35386625,35386626,35386627,35386628,35386629,35386630,35386631,35386632,35386633,35386634,35386635,35386636,35386637,35386638,35386639,35386640,35386641,35386642,35386643,35386644,35386645,35386646,35386647,35386648,35386649,35386650,35386651,35386652,35386653,35386654,35386655,35386656,35386657,35386658,35386659,35386660,35386661,35386662,35386663,35386664,35386665,35386666,35386667,35386668,35386669,35386670,35386671,35386672,35386673,35386674,35386675,35386676,35386677,35386678,35386679,35386680,35386681,35386682,35386683,35386684,35386685,35386686,35386687,35386688,35386689,35386690,35386691,35386692,35386693,35386694,35386695,35386696,35386697,35386698,35386699,35386700,35386701,35386702,35386703,35386704,35386705,35386706,35386707,35386708,35386709,35386710,35386711,35386712,35386713,35386714,35386715,35386716,35386717,35386718,35386719,35386720,35386721,35386722,35386723,35386724,35386725,35386726,35386727,35386728,35386729,35386730,35386731,35386732,35386733,35386734,35386735,35386736,35386737,35386738,35386739,35386740,35386741,35386742,35386743,35386744,35386745,35386746,35386747,35386748,35386749,35386750,35386751,35386752,35386753,35386754,35386755,35386756,35386757,35386758,35386759,35386760,35386761,35386762,35386763,35386764,35386765,35386766,35386767,35386768,35386769,35386770,35386771,35386772,35386773,35386774,35386775,35386776,35386777,35386778,35386779,35386780,35386781,35386782,35386783,35386784,35386785,35386786,35386787,35386788,35386789,35386790,35386791,35386792,35386793,35386794,35386795,35386796,35386797,35386798,35386799,35386800,35386801,35386802,35386803,35386804,35386805,35386806,35386807,35386808,35386809,35386810,35386811,35386812,35386813,35386814,35386815,35386816,35386817,35386818,35386819,35386820,35386821,35386822,35386823,35386824,35386825,35386826,35386827,35386828,35386829,35386830,35386831,35386832,35386833,35386834,35386835,35386836,35386837,35386838,35386839,35386840,35386841,35386842,35386843,35386844,35386845,35386846,35386847,35386848,35386849,35386850,35386851,35386852,35386853,35386854,35386855,35386856,35386857,35386858,35386859,35386860,35386861,35386862,35386863,35386864,35386865,35386866,35386867,35386868,35386869,35386870,35386871,35386872,35386873,35386874,35386875,35386876,35386877,35386878,35386879,35386880,35386881,35386882,35386883,35386884,35386885,35386886,35386887,35386888,35386889,35386890,35386891,35386892,35386893,35386894,35386895,35386896,35386897,35386898,35386899,35386900,35386901,35386902,35386903,35386904,35386905,35386906,35386907,35386908,35386909,35386910,35386911,35386912,35386913,35386914,35386915,35386916,35386917,35386918,35386919,35386920,35386921,35386922,35386923,35386924,35386925,35386926,35386927,35386928,35386929,35386930,35386931,35386932,35386933,35386934,35386935,35386936,35386937,35386938,35386939,35386940,35386941,35386942,35386943,35386944,35386945,35386946,35386947,35386948,35386949,35386950,35386951,35386952,35386953,35386954,35386955,35386956,35386957,35386958,35386959,35386960,35386961,35386962,35386963,35386964,35386965,35386966,35386967,35386968,35386969,35386970,35386971,35386972,35386973,35386974,35386975,35386976,35386977,35386978,35386979,35386980,35386981,35386982,35386983,35386984,35386985,35386986,35386987,35386988,35386989,35386990,35386991,35386992,35386993,35386994,35386995,35386996,35386997,35386998,35386999,35387000,35387001,35387002,35387003,35387004,35387005,35387006,35387007,35387008,35387009,35387010,35387011,35387012,35387013,35387014,35387015,35387016,35387017,35387018,35387019,35387020,35387021,35387022,35387023,35387024,35387025,35387026,35387027,35387028,35387029,35387030,35387031,35387032,35387033,35387034,35387035,35387036,35387037,35387038,35387039,35387040,35387041,35387042,35387043,35387044,35387045,35387046,35387047,35387048,35387049,35387050,35387051,35387052,35387053,35387054,35387055,35387056,35387057,35387058,35387059,35387060,35387061,35387062,35387063,35387064,35387065,35387066,35387067,35387068,35387069,35387070,35387071,35387072,35387073,35387074,35387075,35387076,35387077,35387078,35387079,35387080,35387081,35387082,35387083,35387084,35387085,35387086,35387087,35387088,35387089,35387090,35387091,35387092,35387093,35387094,35387095,35387096,35387097,35387098,35387099,35387100,35387101,35387102,35387103,35387104,35387105,35387106,35387107,35387108,35387109,35387110,35387111,35387112,35387113,35387114,35387115,35387116,35387117,35387118,35387119,35387120,35387121,35387122,35387123,35387124,35387125,35387126,35387127,35387128,35387129,35387130,35387131,35387132,35387133,35387134,35387135,35387136,35387137,35387138,35387139,35387140,35387141,35387142,35387143,35387144,35387145,35387146,35387147,35387148,35387149,35387150,35387151,35387152,35387153,35387154,35387155,35387156,35387157,35387158,35387159,35387160,35387161,35387162,35387163,35387164,35387165,35387166,35387167,35387168,35387169,35387170,35387171,35387172,35387173,35387174,35387175,35387176,35387177,35387178,35387179,35387180,35387181,35387182,35387183,35387184,35387185,35387186,35387187,35387188,35387189,35387190,35387191,35387192,35387193,35387194,35387195,35387196,35387197,35387198,35387199,35387200,35387201,35387202,35387203,35387204,35387205,35387206,35387207,35387208,35387209,35387210,35387211,35387212,35387213,35387214,35387215,35387216,35387217,35387218,35387219,35387220,35387221,35387222,35387223,35387224,35387225,35387226,35387227,35387228,35387229,35387230,35387231,35387232,35387233,35387234,35387235,35387236,35387237,35387238,35387239,35387240,35387241,35387242,35387243,35387244,35387245,35387246,35387247,35387248,35387249,35387250,35387251,35387252,35387253,35387254,35387255,35387256,35387257,35387258,35387259,35387260,35387261,35387262,35387263,35387264,35387265,35387266,35387267,35387268,35387269,35387270,35387271,35387272,35387273,35387274,35387275,35387276,35387277,35387278,35387279,35387280,35387281,35387282,35387283,35387284,35387285,35387286,35387287,35387288,35387289,35387290,35387291,35387292,35387293,35387294,35387295,35387296,35387297,35387298,35387299,35387300,35387301,35387302,35387303,35387304,35387305,35387306,35387307,35387308,35387309,35387310,35387311,35387312,35387313,35387314,35387315,35387316,35387317,35387318,35387319,35387320,35387321,35387322,35387323,35387324,35387325,35387326,35387327,35387328,35387329,35387330,35387331,35387332,35387333,35387334,35387335,35387336,35387337,35387338,35387339,35387340,35387341,35387342,35387343,35387344,35387345,35387346,35387347,35387348,35387349,35387350,35387351,35387352,35387353,35387354,35387355,35387356,35387357,35387358,35387359,35387360,35387361,35387362,35387363,35387364,35387365,35387366,35387367,35387368,35387369,35387370,35387371,35387372,35387373,35387374,35387375,35387376,35387377,35387378,35387379,35387380,35387381,35387382,35387383,35387384,35387385,35387386,35387387,35387388,35387389,35387390,35387391,35387392,35387393,35387394,35387395,35387396,35387397,35387398,35387399,35387400,35387401,35387402,35387403,35387404,35387405,35387406,35387407,35387408,35387409,35387410,35387411,35387412,35387413,35387414,35387415,35387416,35387417,35387418,35387419,35387420,35387421,35387422,35387423,35387424,35387425,35387426,35387427,35387428,35387429,35387430,35387431,35387432,35387433,35387434,35387435,35387436,35387437,35387438,35387439,35387440,35387441,35387442,35387443,35387444,35387445,35387446,35387447,35387448,35387449,35387450,35387451,35387452,35387453,35387454,35387455,35387456,35387457,35387458,35387459,35387460,35387461,35387462,35387463,35387464,35387465,35387466,35387467,35387468,35387469,35387470,35387471,35387472,35387473,35387474,35387475,35387476,35387477,35387478,35387479,35387480,35387481,35387482,35387483,35387484,35387485,35387486,35387487,35387488,35387489,35387490,35387491,35387492,35387493,35387494,35387495,35387496,35387497,35387498,35387499,35387500,35387501,35387502,35387503,35387504,35387505,35387506,35387507,35387508,35387509,35387510,35387511,35387512,35387513,35387514,35387515,35387516,35387517,35387518,35387519,35387520,35387521,35387522,35387523,35387524,35387525,35387526,35387527,35387528,35387529,35387530,35387531,35387532,35387533,35387534,35387535,35387536,35387537,35387538,35387539,35387540,35387541,35387542,35387543,35387544,35387545,35387546,35387547,35387548,35387549,35387550,35387551,35387552,35387553,35387554,35387555,35387556,35387557,35387558,35387559,35387560,35387561,35387562,35387563,35387564,35387565,35387566,35387567,35387568,35387569,35387570,35387571,35387572,35387573,35387574,35387575,35387576,35387577,35387578,35387579,35387580,35387581,35387582,35387583,35387584,35387585,35387586,35387587,35387588,35387589,35387590,35387591,35387592,35387593,35387594,35387595,35387596,35387597,35387598,35387599,35387600,35387601,35387602,35387603,35387604,35387605,35387606,35387607,35387608,35387609,35387610,35387611,35387612,35387613,35387614,35387615,35387616,35387617,35387618,35387619,35387620,35387621,35387622,35387623,35387624,35387625,35387626,35387627,35387628,35387629,35387630,35387631,35387632,35387633,35387634,35387635,35387636,35387637,35387638,35387639,35387640,35387641,35387642,35387643,35387644,35387645,35387646,35387647,35387648,35387649,35387650,35387651,35387652,35387653,35387654,35387655,35387656,35387657,35387658,35387659,35387660,35387661,35387662,35387663,35387664,35387665,35387666,35387667,35387668,35387669,35387670,35387671,35387672,35387673,35387674,35387675,35387676,35387677,35387678,35387679,35387680,35387681,35387682,35387683,35387684,35387685,35387686,35387687,35387688,35387689,35387690,35387691,35387692,35387693,35387694,35387695,35387696,35387697,35387698,35387699,35387700,35387701,35387702,35387703,35387704,35387705,35387706,35387707,35387708,35387709,35387710,35387711,35387712,35387713,35387714,35387715,35387716,35387717,35387718,35387719,35387720,35387721,35387722,35387723,35387724,35387725,35387726,35387727,35387728,35387729,35387730,35387731,35387732,35387733,35387734,35387735,35387736,35387737,35387738,35387739,35387740,35387741,35387742,35387743,35387744,35387745,35387746,35387747,35387748,35387749,35387750,35387751,35387752,35387753,35387754,35387755,35387756,35387757,35387758,35387759,35387760,35387761,35387762,35387763,35387764,35387765,35387766,35387767,35387768,35387769,35387770,35387771,35387772,35387773,35387774,35387775,35387776,35387777,35387778,35387779,35387780,35387781,35387782,35387783,35387784,35387785,35387786,35387787,35387788,35387789,35387790,35387791,35387792,35387793,35387794,35387795,35387796,35387797,35387798,35387799,35387800,35387801,35387802,35387803,35387804,35387805,35387806,35387807,35387808,35387809,35387810,35387811,35387812,35387813,35387814,35387815,35387816,35387817,35387818,35387819,35387820,35387821,35387822,35387823,35387824,35387825,35387826,35387827,35387828,35387829,35387830,35387831,35387832,35387833,35387834,35387835,35387836,35387837,35387838,35387839,35387840,35387841,35387842,35387843,35387844,35387845,35387846,35387847,35387848,35387849,35387850,35387851,35387852,35387853,35387854,35387855,35387856,35387857,35387858,35387859,35387860,35387861,35387862,35387863,35387864,35387865,35387866,35387867,35387868,35387869,35387870,35387871,35387872,35387873,35387874,35387875,35387876,35387877,35387878,35387879,35387880,35387881,35387882,35387883,35387884,35387885,35387886,35387887,35387888,35387889,35387890,35387891,35387892,35387893,35387894,35387895,35387896,35387897,35387898,35387899,35387900,35387901,35387902,35387903,35387904,35387905,35387906,35387907,35387908,35387909,35387910,35387911,35387912,35387913,35387914,35387915,35387916,35387917,35387918,35387919,35387920,35387921,35387922,35387923,35387924,35387925,35387926,35387927,35387928,35387929,35387930,35387931,35387932,35387933,35387934,35387935,35387936,35387937,35387938,35387939,35387940,35387941,35387942,35387943,35387944,35387945,35387946,35387947,35387948,35387949,35387950,35387951,35387952,35387953,35387954,35387955,35387956,35387957,35387958,35387959,35387960,35387961,35387962,35387963,35387964,35387965,35387966,35387967,35387968,35387969,35387970,35387971,35387972,35387973,35387974,35387975,35387976,35387977,35387978,35387979,35387980,35387981,35387982,35387983,35387984,35387985,35387986,35387987,35387988,35387989,35387990,35387991,35387992,35387993,35387994,35387995,35387996,35387997,35387998,35387999,35388000,35388001,35388002,35388003,35388004,35388005,35388006,35388007,35388008,35388009,35388010,35388011,35388012,35388013,35388014,35388015,35388016,35388017,35388018,35388019,35388020,35388021,35388022,35388023,35388024,35388025,35388026,35388027,35388028,35388029,35388030,35388031,35388032,35388033,35388034,35388035,35388036,35388037,35388038,35388039,35388040,35388041,35388042,35388043,35388044,35388045,35388046,35388047,35388048,35388049,35388050,35388051,35388052,35388053,35388054,35388055,35388056,35388057,35388058,35388059,35388060,35388061,35388062,35388063,35388064,35388065,35388066,35388067,35388068,35388069,35388070,35388071,35388072,35388073,35388074,35388075,35388076,35388077,35388078,35388079,35388080,35388081,35388082,35388083,35388084,35388085,35388086,35388087,35388088,35388089,35388090,35388091,35388092,35388093,35388094,35388095,35388096,35388097,35388098,35388099,35388100,35388101,35388102,35388103,35388104,35388105,35388106,35388107,35388108,35388109,35388110,35388111,35388112,35388113,35388114,35388115,35388116,35388117,35388118,35388119,35388120,35388121,35388122,35388123,35388124,35388125,35388126,35388127,35388128,35388129,35388130,35388131,35388132,35388133,35388134,35388135,35388136,35388137,35388138,35388139,35388140,35388141,35388142,35388143,35388144,35388145,35388146,35388147,35388148,35388149,35388150,35388151,35388152,35388153,35388154,35388155,35388156,35388157,35388158,35388159,35388160,35388161,35388162,35388163,35388164,35388165,35388166,35388167,35388168,35388169,35388170,35388171,35388172,35388173,35388174,35388175,35388176,35388177,35388178,35388179,35388180,35388181,35388182,35388183,35388184,35388185,35388186,35388187,35388188,35388189,35388190,35388191,35388192,35388193,35388194,35388195,35388196,35388197,35388198,35388199,35388200,35388201,35388202,35388203,35388204,35388205,35388206,35388207,35388208,35388209,35388210,35388211,35388212,35388213,35388214,35388215,35388216,35388217,35388218,35388219,35388220,35388221,35388222,35388223,35388224,35388225,35388226,35388227,35388228,35388229,35388230,35388231,35388232,35388233,35388234,35388235,35388236,35388237,35388238,35388239,35388240,35388241,35388242,35388243,35388244,35388245,35388246,35388247,35388248,35388249,35388250,35388251,35388252,35388253,35388254,35388255,35388256,35388257,35388258,35388259,35388260,35388261,35388262,35388263,35388264,35388265,35388266,35388267,35388268,35388269,35388270,35388271,35388272,35388273,35388274,35388275,35388276,35388277,35388278,35388279,35388280,35388281,35388282,35388283,35388284,35388285,35388286,35388287,35388288,35388289,35388290,35388291,35388292,35388293,35388294,35388295,35388296,35388297,35388298,35388299,35388300,35388301,35388302,35388303,35388304,35388305,35388306,35388307,35388308,35388309,35388310,35388311,35388312,35388313,35388314,35388315,35388316,35388317,35388318,35388319,35388320,35388321,35388322,35388323,35388324,35388325,35388326,35388327,35388328,35388329,35388330,35388331,35388332,35388333,35388334,35388335,35388336,35388337,35388338,35388339,35388340,35388341,35388342,35388343,35388344,35388345,35388346,35388347,35388348,35388349,35388350,35388351,35388352,35388353,35388354,35388355,35388356,35388357,35388358,35388359,35388360,35388361,35388362,35388363,35388364,35388365,35388366,35388367,35388368,35388369,35388370,35388371,35388372,35388373,35388374,35388375,35388376,35388377,35388378,35388379,35388380,35388381,35388382,35388383,35388384,35388385,35388386,35388387,35388388,35388389,35388390,35388391,35388392,35388393,35388394,35388395,35388396,35388397,35388398,35388399,35388400,35388401,35388402,35388403,35388404,35388405,35388406,35388407,35388408,35388409,35388410,35388411,35388412,35388413,35388414,35388415,35388416,35388417,35388418,35388419,35388420,35388421,35388422,35388423,35388424,35388425,35388426,35388427,35388428,35388429,35388430,35388431,35388432,35388433,35388434,35388435,35388436,35388437,35388438,35388439,35388440,35388441,35388442,35388443,35388444,35388445,35388446,35388447,35388448,35388449,35388450,35388451,35388452,35388453,35388454,35388455,35388456,35388457,35388458,35388459,35388460,35388461,35388462,35388463,35388464,35388465,35388466,35388467,35388468,35388469,35388470,35388471,35388472,35388473,35388474,35388475,35388476,35388477,35388478,35388479,35388480,35388481,35388482,35388483,35388484,35388485,35388486,35388487,35388488,35388489,35388490,35388491,35388492,35388493,35388494,35388495,35388496,35388497,35388498,35388499,35388500,35388501,35388502,35388503,35388504,35388505,35388506,35388507,35388508,35388509,35388510,35388511,35388512,35388513,35388514,35388515,35388516,35388517,35388518,35388519,35388520,35388521,35388522,35388523,35388524,35388525,35388526,35388527,35388528,35388529,35388530,35388531,35388532,35388533,35388534,35388535,35388536,35388537,35388538,35388539,35388540,35388541,35388542,35388543,35388544,35388545,35388546,35388547,35388548,35388549,35388550,35388551,35388552,35388553,35388554,35388555,35388556,35388557,35388558,35388559,35388560,35388561,35388562,35388563,35388564,35388565,35388566,35388567,35388568,35388569,35388570,35388571,35388572,35388573,35388574,35388575,35388576,35388577,35388578,35388579,35388580,35388581,35388582,35388583,35388584,35388585,35388586,35388587,35388588,35388589,35388590,35388591,35388592,35388593,35388594,35388595,35388596,35388597,35388598,35388599,35388600,35388601,35388602,35388603,35388604,35388605,35388606,35388607,35388608,35388609,35388610,35388611,35388612,35388613,35388614,35388615,35388616,35388617,35388618,35388619,35388620,35388621,35388622,35388623,35388624,35388625,35388626,35388627,35388628,35388629,35388630,35388631,35388632,35388633,35388634,35388635,35388636,35388637,35388638,35388639,35388640,35388641,35388642,35388643,35388644,35388645,35388646,35388647,35388648,35388649,35388650,35388651,35388652,35388653,35388654,35388655,35388656,35388657,35388658,35388659,35388660,35388661,35388662,35388663,35388664,35388665,35388666,35388667,35388668,35388669,35388670,35388671,35388672,35388673,35388674,35388675,35388676,35388677,35388678,35388679,35388680,35388681,35388682,35388683,35388684,35388685,35388686,35388687,35388688,35388689,35388690,35388691,35388692,35388693,35388694,35388695,35388696,35388697,35388698,35388699,35388700,35388701,35388702,35388703,35388704,35388705,35388706,35388707,35388708,35388709,35388710,35388711,35388712,35388713,35388714,35388715,35388716,35388717,35388718,35388719,35388720,35388721,35388722,35388723,35388724,35388725,35388726,35388727,35388728,35388729,35388730,35388731,35388732,35388733,35388734,35388735,35388736,35388737,35388738,35388739,35388740,35388741,35388742,35388743,35388744,35388745,35388746,35388747,35388748,35388749,35388750,35388751,35388752,35388753,35388754,35388755,35388756,35388757,35388758,35388759,35388760,35388761,35388762,35388763,35388764,35388765,35388766,35388767,35388768,35388769,35388770,35388771,35388772,35388773,35388774,35388775,35388776,35388777,35388778,35388779,35388780,35388781,35388782,35388783,35388784,35388785,35388786,35388787,35388788,35388789,35388790,35388791,35388792,35388793,35388794,35388795,35388796,35388797,35388798,35388799,35388800,35388801,35388802,35388803,35388804,35388805,35388806,35388807,35388808,35388809,35388810,35388811,35388812,35388813,35388814,35388815,35388816,35388817,35388818,35388819,35388820,35388821,35388822,35388823,35388824,35388825,35388826,35388827,35388828,35388829,35388830,35388831,35388832,35388833,35388834,35388835,35388836,35388837,35388838,35388839,35388840,35388841,35388842,35388843,35388844,35388845,35388846,35388847,35388848,35388849,35388850,35388851,35388852,35388853,35388854,35388855,35388856,35388857,35388858,35388859,35388860,35388861,35388862,35388863,35388864,35388865,35388866,35388867,35388868,35388869,35388870,35388871,35388872,35388873,35388874,35388875,35388876,35388877,35388878,35388879,35388880,35388881,35388882,35388883,35388884,35388885,35388886,35388887,35388888,35388889,35388890,35388891,35388892,35388893,35388894,35388895,35388896,35388897,35388898,35388899,35388900,35388901,35388902,35388903,35388904,35388905,35388906,35388907,35388908,35388909,35388910,35388911,35388912,35388913,35388914,35388915,35388916,35388917,35388918,35388919,35388920,35388921,35388922,35388923,35388924,35388925,35388926,35388927,35388928,35388929,35388930,35388931,35388932,35388933,35388934,35388935,35388936,35388937,35388938,35388939,35388940,35388941,35388942,35388943,35388944,35388945,35388946,35388947,35388948,35388949,35388950,35388951,35388952,35388953,35388954,35388955,35388956,35388957,35388958,35388959,35388960,35388961,35388962,35388963,35388964,35388965,35388966,35388967,35388968,35388969,35388970,35388971,35388972,35388973,35388974,35388975,35388976,35388977,35388978,35388979,35388980,35388981,35388982,35388983,35388984,35388985,35388986,35388987,35388988,35388989,35388990,35388991,35388992,35388993,35388994,35388995,35388996,35388997,35388998,35388999,35389000,35389001,35389002,35389003,35389004,35389005,35389006,35389007,35389008,35389009,35389010,35389011,35389012,35389013,35389014,35389015,35389016,35389017,35389018,35389019,35389020,35389021,35389022,35389023,35389024,35389025,35389026,35389027,35389028,35389029,35389030,35389031,35389032,35389033,35389034,35389035,35389036,35389037,35389038,35389039,35389040,35389041,35389042,35389043,35389044,35389045,35389046,35389047,35389048,35389049,35389050,35389051,35389052,35389053,35389054,35389055,35389056,35389057,35389058,35389059,35389060,35389061,35389062,35389063,35389064,35389065,35389066,35389067,35389068,35389069,35389070,35389071,35389072,35389073,35389074,35389075,35389076,35389077,35389078,35389079,35389080,35389081,35389082,35389083,35389084,35389085,35389086,35389087,35389088,35389089,35389090,35389091,35389092,35389093,35389094,35389095,35389096,35389097,35389098,35389099,35389100,35389101,35389102,35389103,35389104,35389105,35389106,35389107,35389108,35389109,35389110,35389111,35389112,35389113,35389114,35389115,35389116,35389117,35389118,35389119,35389120,35389121,35389122,35389123,35389124,35389125,35389126,35389127,35389128,35389129,35389130,35389131,35389132,35389133,35389134,35389135,35389136,35389137,35389138,35389139,35389140,35389141,35389142,35389143,35389144,35389145,35389146,35389147,35389148,35389149,35389150,35389151,35389152,35389153,35389154,35389155,35389156,35389157,35389158,35389159,35389160,35389161,35389162,35389163,35389164,35389165,35389166,35389167,35389168,35389169,35389170,35389171,35389172,35389173,35389174,35389175,35389176,35389177,35389178,35389179,35389180,35389181,35389182,35389183,35389184,35389185,35389186,35389187,35389188,35389189,35389190,35389191,35389192,35389193,35389194,35389195,35389196,35389197,35389198,35389199,35389200,35389201,35389202,35389203,35389204,35389205,35389206,35389207,35389208,35389209,35389210,35389211,35389212,35389213,35389214,35389215,35389216,35389217,35389218,35389219,35389220,35389221,35389222,35389223,35389224,35389225,35389226,35389227,35389228,35389229,35389230,35389231,35389232,35389233,35389234,35389235,35389236,35389237,35389238,35389239,35389240,35389241,35389242,35389243,35389244,35389245,35389246,35389247,35389248,35389249,35389250,35389251,35389252,35389253,35389254,35389255,35389256,35389257,35389258,35389259,35389260,35389261,35389262,35389263,35389264,35389265,35389266,35389267,35389268,35389269,35389270,35389271,35389272,35389273,35389274,35389275,35389276,35389277,35389278,35389279,35389280,35389281,35389282,35389283,35389284,35389285,35389286,35389287,35389288,35389289,35389290,35389291,35389292,35389293,35389294,35389295,35389296,35389297,35389298,35389299,35389300,35389301,35389302,35389303,35389304,35389305,35389306,35389307,35389308,35389309,35389310,35389311,35389312,35389313,35389314,35389315,35389316,35389317,35389318,35389319,35389320,35389321,35389322,35389323,35389324,35389325,35389326,35389327,35389328,35389329,35389330,35389331,35389332,35389333,35389334,35389335,35389336,35389337,35389338,35389339,35389340,35389341,35389342,35389343,35389344,35389345,35389346,35389347,35389348,35389349,35389350,35389351,35389352,35389353,35389354,35389355,35389356,35389357,35389358,35389359,35389360,35389361,35389362,35389363,35389364,35389365,35389366,35389367,35389368,35389369,35389370,35389371,35389372,35389373,35389374,35389375,35389376,35389377,35389378,35389379,35389380,35389381,35389382,35389383,35389384,35389385,35389386,35389387,35389388,35389389,35389390,35389391,35389392,35389393,35389394,35389395,35389396,35389397,35389398,35389399,35389400,35389401,35389402,35389403,35389404,35389405,35389406,35389407,35389408,35389409,35389410,35389411,35389412,35389413,35389414,35389415,35389416,35389417,35389418,35389419,35389420,35389421,35389422,35389423,35389424,35389425,35389426,35389427,35389428,35389429,35389430,35389431,35389432,35389433,35389434,35389435,35389436,35389437,35389438,35389439,35389440,35389441,35389442,35389443,35389444,35389445,35389446,35389447,35389448,35389449,35389450,35389451,35389452,35389453,35389454,35389455,35389456,35389457,35389458,35389459,35389460,35389461,35389462,35389463,35389464,35389465,35389466,35389467,35389468,35389469,35389470,35389471,35389472,35389473,35389474,35389475,35389476,35389477,35389478,35389479,35389480,35389481,35389482,35389483,35389484,35389485,35389486,35389487,35389488,35389489,35389490,35389491,35389492,35389493,35389494,35389495,35389496,35389497,35389498,35389499,35389500,35389501,35389502,35389503,35389504,35389505,35389506,35389507,35389508,35389509,35389510,35389511,35389512,35389513,35389514,35389515,35389516,35389517,35389518,35389519,35389520,35389521,35389522,35389523,35389524,35389525,35389526,35389527,35389528,35389529,35389530,35389531,35389532,35389533,35389534,35389535,35389536,35389537,35389538,35389539,35389540,35389541,35389542,35389543,35389544,35389545,35389546,35389547,35389548,35389549,35389550,35389551,35389552,35389553,35389554,35389555,35389556,35389557,35389558,35389559,35389560,35389561,35389562,35389563,35389564,35389565,35389566,35389567,35389568,35389569,35389570,35389571,35389572,35389573,35389574,35389575,35389576,35389577,35389578,35389579,35389580,35389581,35389582,35389583,35389584,35389585,35389586,35389587,35389588,35389589,35389590,35389591,35389592,35389593,35389594,35389595,35389596,35389597,35389598,35389599,35389600,35389601,35389602,35389603,35389604,35389605,35389606,35389607,35389608,35389609,35389610,35389611,35389612,35389613,35389614,35389615,35389616,35389617,35389618,35389619,35389620,35389621,35389622,35389623,35389624,35389625,35389626,35389627,35389628,35389629,35389630,35389631,35389632,35389633,35389634,35389635,35389636,35389637,35389638,35389639,35389640,35389641,35389642,35389643,35389644,35389645,35389646,35389647,35389648,35389649,35389650,35389651,35389652,35389653,35389654,35389655,35389656,35389657,35389658,35389659,35389660,35389661,35389662,35389663,35389664,35389665,35389666,35389667,35389668,35389669,35389670,35389671,35389672,35389673,35389674,35389675,35389676,35389677,35389678,35389679,35389680,35389681,35389682,35389683,35389684,35389685,35389686,35389687,35389688,35389689,35389690,35389691,35389692,35389693,35389694,35389695,35389696,35389697,35389698,35389699,35389700,35389701,35389702,35389703,35389704,35389705,35389706,35389707,35389708,35389709,35389710,35389711,35389712,35389713,35389714,35389715,35389716,35389717,35389718,35389719,35389720,35389721,35389722,35389723,35389724,35389725,35389726,35389727,35389728,35389729,35389730,35389731,35389732,35389733,35389734,35389735,35389736,35389737,35389738,35389739,35389740,35389741,35389742,35389743,35389744,35389745,35389746,35389747,35389748,35389749,35389750,35389751,35389752,35389753,35389754,35389755,35389756,35389757,35389758,35389759,35389760,35389761,35389762,35389763,35389764,35389765,35389766,35389767,35389768,35389769,35389770,35389771,35389772,35389773,35389774,35389775,35389776,35389777,35389778,35389779,35389780,35389781,35389782,35389783,35389784,35389785,35389786,35389787,35389788,35389789,35389790,35389791,35389792,35389793,35389794,35389795,35389796,35389797,35389798,35389799,35389800,35389801,35389802,35389803,35389804,35389805,35389806,35389807,35389808,35389809,35389810,35389811,35389812,35389813,35389814,35389815,35389816,35389817,35389818,35389819,35389820,35389821,35389822,35389823,35389824,35389825,35389826,35389827,35389828,35389829,35389830,35389831,35389832,35389833,35389834,35389835,35389836,35389837,35389838,35389839,35389840,35389841,35389842,35389843,35389844,35389845,35389846,35389847,35389848,35389849,35389850,35389851,35389852,35389853,35389854,35389855,35389856,35389857,35389858,35389859,35389860,35389861,35389862,35389863,35389864,35389865,35389866,35389867,35389868,35389869,35389870,35389871,35389872,35389873,35389874,35389875,35389876,35389877,35389878,35389879,35389880,35389881,35389882,35389883,35389884,35389885,35389886,35389887,35389888,35389889,35389890,35389891,35389892,35389893,35389894,35389895,35389896,35389897,35389898,35389899,35389900,35389901,35389902,35389903,35389904,35389905,35389906,35389907,35389908,35389909,35389910,35389911,35389912,35389913,35389914,35389915,35389916,35389917,35389918,35389919,35389920,35389921,35389922,35389923,35389924,35389925,35389926,35389927,35389928,35389929,35389930,35389931,35389932,35389933,35389934,35389935,35389936,35389937,35389938,35389939,35389940,35389941,35389942,35389943,35389944,35389945,35389946,35389947,35389948,35389949,35389950,35389951,35389952,35389953,35389954,35389955,35389956,35389957,35389958,35389959,35389960,35389961,35389962,35389963,35389964,35389965,35389966,35389967,35389968,35389969,35389970,35389971,35389972,35389973,35389974,35389975,35389976,35389977,35389978,35389979,35389980,35389981,35389982,35389983,35389984,35389985,35389986,35389987,35389988,35389989,35389990,35389991,35389992,35389993,35389994,35389995,35389996,35389997,35389998,35389999,35390000,35390001,35390002,35390003,35390004,35390005,35390006,35390007,35390008,35390009,35390010,35390011,35390012,35390013,35390014,35390015,35390016,35390017,35390018,35390019,35390020,35390021,35390022,35390023,35390024,35390025,35390026,35390027,35390028,35390029,35390030,35390031,35390032,35390033,35390034,35390035,35390036,35390037,35390038,35390039,35390040,35390041,35390042,35390043,35390044,35390045,35390046,35390047,35390048,35390049,35390050,35390051,35390052,35390053,35390054,35390055,35390056,35390057,35390058,35390059,35390060,35390061,35390062,35390063,35390064,35390065,35390066,35390067,35390068,35390069,35390070,35390071,35390072,35390073,35390074,35390075,35390076,35390077,35390078,35390079,35390080,35390081,35390082,35390083,35390084,35390085,35390086,35390087,35390088,35390089,35390090,35390091,35390092,35390093,35390094,35390095,35390096,35390097,35390098,35390099,35390100,35390101,35390102,35390103,35390104,35390105,35390106,35390107,35390108,35390109,35390110,35390111,35390112,35390113,35390114,35390115,35390116,35390117,35390118,35390119,35390120,35390121,35390122,35390123,35390124,35390125,35390126,35390127,35390128,35390129,35390130,35390131,35390132,35390133,35390134,35390135,35390136,35390137,35390138,35390139,35390140,35390141,35390142,35390143,35390144,35390145,35390146,35390147,35390148,35390149,35390150,35390151,35390152,35390153,35390154,35390155,35390156,35390157,35390158,35390159,35390160,35390161,35390162,35390163,35390164,35390165,35390166,35390167,35390168,35390169,35390170,35390171,35390172,35390173,35390174,35390175,35390176,35390177,35390178,35390179,35390180,35390181,35390182,35390183,35390184,35390185,35390186,35390187,35390188,35390189,35390190,35390191,35390192,35390193,35390194,35390195,35390196,35390197,35390198,35390199,35390200,35390201,35390202,35390203,35390204,35390205,35390206,35390207,35390208,35390209,35390210,35390211,35390212,35390213,35390214,35390215,35390216,35390217,35390218,35390219,35390220,35390221,35390222,35390223,35390224,35390225,35390226,35390227,35390228,35390229,35390230,35390231,35390232,35390233,35390234,35390235,35390236,35390237,35390238,35390239,35390240,35390241,35390242,35390243,35390244,35390245,35390246,35390247,35390248,35390249,35390250,35390251,35390252,35390253,35390254,35390255,35390256,35390257,35390258,35390259,35390260,35390261,35390262,35390263,35390264,35390265,35390266,35390267,35390268,35390269,35390270,35390271,35390272,35390273,35390274,35390275,35390276,35390277,35390278,35390279,35390280,35390281,35390282,35390283,35390284,35390285,35390286,35390287,35390288,35390289,35390290,35390291,35390292,35390293,35390294,35390295,35390296,35390297,35390298,35390299,35390300,35390301,35390302,35390303,35390304,35390305,35390306,35390307,35390308,35390309,35390310,35390311,35390312,35390313,35390314,35390315,35390316,35390317,35390318,35390319,35390320,35390321,35390322,35390323,35390324,35390325,35390326,35390327,35390328,35390329,35390330,35390331,35390332,35390333,35390334,35390335,35390336,35390337,35390338,35390339,35390340,35390341,35390342,35390343,35390344,35390345,35390346,35390347,35390348,35390349,35390350,35390351,35390352,35390353,35390354,35390355,35390356,35390357,35390358,35390359,35390360,35390361,35390362,35390363,35390364,35390365,35390366,35390367,35390368,35390369,35390370,35390371,35390372,35390373,35390374,35390375,35390376,35390377,35390378,35390379,35390380,35390381,35390382,35390383,35390384,35390385,35390386,35390387,35390388,35390389,35390390,35390391,35390392,35390393,35390394,35390395,35390396,35390397,35390398,35390399,35390400,35390401,35390402,35390403,35390404,35390405,35390406,35390407,35390408,35390409,35390410,35390411,35390412,35390413,35390414,35390415,35390416,35390417,35390418,35390419,35390420,35390421,35390422,35390423,35390424,35390425,35390426,35390427,35390428,35390429,35390430,35390431,35390432,35390433,35390434,35390435,35390436,35390437,35390438,35390439,35390440,35390441,35390442,35390443,35390444,35390445,35390446,35390447,35390448,35390449,35390450,35390451,35390452,35390453,35390454,35390455,35390456,35390457,35390458,35390459,35390460,35390461,35390462,35390463,35390464,35390465,35390466,35390467,35390468,35390469,35390470,35390471,35390472,35390473,35390474,35390475,35390476,35390477,35390478,35390479,35390480,35390481,35390482,35390483,35390484,35390485,35390486,35390487,35390488,35390489,35390490,35390491,35390492,35390493,35390494,35390495,35390496,35390497,35390498,35390499,35390500,35390501,35390502,35390503,35390504,35390505,35390506,35390507,35390508,35390509,35390510,35390511,35390512,35390513,35390514,35390515,35390516,35390517,35390518,35390519,35390520,35390521,35390522,35390523,35390524,35390525,35390526,35390527,35390528,35390529,35390530,35390531,35390532,35390533,35390534,35390535,35390536,35390537,35390538,35390539,35390540,35390541,35390542,35390543,35390544,35390545,35390546,35390547,35390548,35390549,35390550,35390551,35390552,35390553,35390554,35390555,35390556,35390557,35390558,35390559,35390560,35390561,35390562,35390563,35390564,35390565,35390566,35390567,35390568,35390569,35390570,35390571,35390572,35390573,35390574,35390575,35390576,35390577,35390578,35390579,35390580,35390581,35390582,35390583,35390584,35390585,35390586,35390587,35390588,35390589,35390590,35390591,35390592,35390593,35390594,35390595,35390596,35390597,35390598,35390599,35390600,35390601,35390602,35390603,35390604,35390605,35390606,35390607,35390608,35390609,35390610,35390611,35390612,35390613,35390614,35390615,35390616,35390617,35390618,35390619,35390620,35390621,35390622,35390623,35390624,35390625,35390626,35390627,35390628,35390629,35390630,35390631,35390632,35390633,35390634,35390635,35390636,35390637,35390638,35390639,35390640,35390641,35390642,35390643,35390644,35390645,35390646,35390647,35390648,35390649,35390650,35390651,35390652,35390653,35390654,35390655,35390656,35390657,35390658,35390659,35390660,35390661,35390662,35390663,35390664,35390665,35390666,35390667,35390668,35390669,35390670,35390671,35390672,35390673,35390674,35390675,35390676,35390677,35390678,35390679,35390680,35390681,35390682,35390683,35390684,35390685,35390686,35390687,35390688,35390689,35390690,35390691,35390692,35390693,35390694,35390695,35390696,35390697,35390698,35390699,35390700,35390701,35390702,35390703,35390704,35390705,35390706,35390707,35390708,35390709,35390710,35390711,35390712,35390713,35390714,35390715,35390716,35390717,35390718,35390719,35390720,35390721,35390722,35390723,35390724,35390725,35390726,35390727,35390728,35390729,35390730,35390731,35390732,35390733,35390734,35390735,35390736,35390737,35390738,35390739,35390740,35390741,35390742,35390743,35390744,35390745,35390746,35390747,35390748,35390749,35390750,35390751,35390752,35390753,35390754,35390755,35390756,35390757,35390758,35390759,35390760,35390761,35390762,35390763,35390764,35390765,35390766,35390767,35390768,35390769,35390770,35390771,35390772,35390773,35390774,35390775,35390776,35390777,35390778,35390779,35390780,35390781,35390782,35390783,35390784,35390785,35390786,35390787,35390788,35390789,35390790,35390791,35390792,35390793,35390794,35390795,35390796,35390797,35390798,35390799,35390800,35390801,35390802,35390803,35390804,35390805,35390806,35390807,35390808,35390809,35390810,35390811,35390812,35390813,35390814,35390815,35390816,35390817,35390818,35390819,35390820,35390821,35390822,35390823,35390824,35390825,35390826,35390827,35390828,35390829,35390830,35390831,35390832,35390833,35390834,35390835,35390836,35390837,35390838,35390839,35390840,35390841,35390842,35390843,35390844,35390845,35390846,35390847,35390848,35390849,35390850,35390851,35390852,35390853,35390854,35390855,35390856,35390857,35390858,35390859,35390860,35390861,35390862,35390863,35390864,35390865,35390866,35390867,35390868,35390869,35390870,35390871,35390872,35390873,35390874,35390875,35390876,35390877,35390878,35390879,35390880,35390881,35390882,35390883,35390884,35390885,35390886,35390887,35390888,35390889,35390890,35390891,35390892,35390893,35390894,35390895,35390896,35390897,35390898,35390899,35390900,35390901,35390902,35390903,35390904,35390905,35390906,35390907,35390908,35390909,35390910,35390911,35390912,35390913,35390914,35390915,35390916,35390917,35390918,35390919,35390920,35390921,35390922,35390923,35390924,35390925,35390926,35390927,35390928,35390929,35390930,35390931,35390932,35390933,35390934,35390935,35390936,35390937,35390938,35390939,35390940,35390941,35390942,35390943,35390944,35390945,35390946,35390947,35390948,35390949,35390950,35390951,35390952,35390953,35390954,35390955,35390956,35390957,35390958,35390959,35390960,35390961,35390962,35390963,35390964,35390965,35390966,35390967,35390968,35390969,35390970,35390971,35390972,35390973,35390974,35390975,35390976,35390977,35390978,35390979,35390980,35390981,35390982,35390983,35390984,35390985,35390986,35390987,35390988,35390989,35390990,35390991,35390992,35390993,35390994,35390995,35390996,35390997,35390998,35390999,35391000,35391001,35391002,35391003,35391004,35391005,35391006,35391007,35391008,35391009,35391010,35391011,35391012,35391013,35391014,35391015,35391016,35391017,35391018,35391019,35391020,35391021,35391022,35391023,35391024,35391025,35391026,35391027,35391028,35391029,35391030,35391031,35391032,35391033,35391034,35391035,35391036,35391037,35391038,35391039,35391040,35391041,35391042,35391043,35391044,35391045,35391046,35391047,35391048,35391049,35391050,35391051,35391052,35391053,35391054,35391055,35391056,35391057,35391058,35391059,35391060,35391061,35391062,35391063,35391064,35391065,35391066,35391067,35391068,35391069,35391070,35391071,35391072,35391073,35391074,35391075,35391076,35391077,35391078,35391079,35391080,35391081,35391082,35391083,35391084,35391085,35391086,35391087,35391088,35391089,35391090,35391091,35391092,35391093,35391094,35391095,35391096,35391097,35391098,35391099,35391100,35391101,35391102,35391103,35391104,35391105,35391106,35391107,35391108,35391109,35391110,35391111,35391112,35391113,35391114,35391115,35391116,35391117,35391118,35391119,35391120,35391121,35391122,35391123,35391124,35391125,35391126,35391127,35391128,35391129,35391130,35391131,35391132,35391133,35391134,35391135,35391136,35391137,35391138,35391139,35391140,35391141,35391142,35391143,35391144,35391145,35391146,35391147,35391148,35391149,35391150,35391151,35391152,35391153,35391154,35391155,35391156,35391157,35391158,35391159,35391160,35391161,35391162,35391163,35391164,35391165,35391166,35391167,35391168,35391169,35391170,35391171,35391172,35391173,35391174,35391175,35391176,35391177,35391178,35391179,35391180,35391181,35391182,35391183,35391184,35391185,35391186,35391187,35391188,35391189,35391190,35391191,35391192,35391193,35391194,35391195,35391196,35391197,35391198,35391199,35391200,35391201,35391202,35391203,35391204,35391205,35391206,35391207,35391208,35391209,35391210,35391211,35391212,35391213,35391214,35391215,35391216,35391217,35391218,35391219,35391220,35391221,35391222,35391223,35391224,35391225,35391226,35391227,35391228,35391229,35391230,35391231,35391232,35391233,35391234,35391235,35391236,35391237,35391238,35391239,35391240,35391241,35391242,35391243,35391244,35391245,35391246,35391247,35391248,35391249,35391250,35391251,35391252,35391253,35391254,35391255,35391256,35391257,35391258,35391259,35391260,35391261,35391262,35391263,35391264,35391265,35391266,35391267,35391268,35391269,35391270,35391271,35391272,35391273,35391274,35391275,35391276,35391277,35391278,35391279,35391280,35391281,35391282,35391283,35391284,35391285,35391286,35391287,35391288,35391289,35391290,35391291,35391292,35391293,35391294,35391295,35391296,35391297,35391298,35391299,35391300,35391301,35391302,35391303,35391304,35391305,35391306,35391307,35391308,35391309,35391310,35391311,35391312,35391313,35391314,35391315,35391316,35391317,35391318,35391319,35391320,35391321,35391322,35391323,35391324,35391325,35391326,35391327,35391328,35391329,35391330,35391331,35391332,35391333,35391334,35391335,35391336,35391337,35391338,35391339,35391340,35391341,35391342,35391343,35391344,35391345,35391346,35391347,35391348,35391349,35391350,35391351,35391352,35391353,35391354,35391355,35391356,35391357,35391358,35391359,35391360,35391361,35391362,35391363,35391364,35391365,35391366,35391367,35391368,35391369,35391370,35391371,35391372,35391373,35391374,35391375,35391376,35391377,35391378,35391379,35391380,35391381,35391382,35391383,35391384,35391385,35391386,35391387,35391388,35391389,35391390,35391391,35391392,35391393,35391394,35391395,35391396,35391397,35391398,35391399,35391400,35391401,35391402,35391403,35391404,35391405,35391406,35391407,35391408,35391409,35391410,35391411,35391412,35391413,35391414,35391415,35391416,35391417,35391418,35391419,35391420,35391421,35391422,35391423,35391424,35391425,35391426,35391427,35391428,35391429,35391430,35391431,35391432,35391433,35391434,35391435,35391436,35391437,35391438,35391439,35391440,35391441,35391442,35391443,35391444,35391445,35391446,35391447,35391448,35391449,35391450,35391451,35391452,35391453,35391454,35391455,35391456,35391457,35391458,35391459,35391460,35391461,35391462,35391463,35391464,35391465,35391466,35391467,35391468,35391469,35391470,35391471,35391472,35391473,35391474,35391475,35391476,35391477,35391478,35391479,35391480,35391481,35391482,35391483,35391484,35391485,35391486,35391487,35391488,35391489,35391490,35391491,35391492,35391493,35391494,35391495,35391496,35391497,35391498,35391499,35391500,35391501,35391502,35391503,35391504,35391505,35391506,35391507,35391508,35391509,35391510,35391511,35391512,35391513,35391514,35391515,35391516,35391517,35391518,35391519,35391520,35391521,35391522,35391523,35391524,35391525,35391526,35391527,35391528,35391529,35391530,35391531,35391532,35391533,35391534,35391535,35391536,35391537,35391538,35391539,35391540,35391541,35391542,35391543,35391544,35391545,35391546,35391547,35391548,35391549,35391550,35391551,35391552,35391553,35391554,35391555,35391556,35391557,35391558,35391559,35391560,35391561,35391562,35391563,35391564,35391565,35391566,35391567,35391568,35391569,35391570,35391571,35391572,35391573,35391574,35391575,35391576,35391577,35391578,35391579,35391580,35391581,35391582,35391583,35391584,35391585,35391586,35391587,35391588,35391589,35391590,35391591,35391592,35391593,35391594,35391595,35391596,35391597,35391598,35391599,35391600,35391601,35391602,35391603,35391604,35391605,35391606,35391607,35391608,35391609,35391610,35391611,35391612,35391613,35391614,35391615,35391616,35391617,35391618,35391619,35391620,35391621,35391622,35391623,35391624,35391625,35391626,35391627,35391628,35391629,35391630,35391631,35391632,35391633,35391634,35391635,35391636,35391637,35391638,35391639,35391640,35391641,35391642,35391643,35391644,35391645,35391646,35391647,35391648,35391649,35391650,35391651,35391652,35391653,35391654,35391655,35391656,35391657,35391658,35391659,35391660,35391661,35391662,35391663,35391664,35391665,35391666,35391667,35391668,35391669,35391670,35391671,35391672,35391673,35391674,35391675,35391676,35391677,35391678,35391679,35391680,35391681,35391682,35391683,35391684,35391685,35391686,35391687,35391688,35391689,35391690,35391691,35391692,35391693,35391694,35391695,35391696,35391697,35391698,35391699,35391700,35391701,35391702,35391703,35391704,35391705,35391706,35391707,35391708,35391709,35391710,35391711,35391712,35391713,35391714,35391715,35391716,35391717,35391718,35391719,35391720,35391721,35391722,35391723,35391724,35391725,35391726,35391727,35391728,35391729,35391730,35391731,35391732,35391733,35391734,35391735,35391736,35391737,35391738,35391739,35391740,35391741,35391742,35391743,35391744,35391745,35391746,35391747,35391748,35391749,35391750,35391751,35391752,35391753,35391754,35391755,35391756,35391757,35391758,35391759,35391760,35391761,35391762,35391763,35391764,35391765,35391766,35391767,35391768,35391769,35391770,35391771,35391772,35391773,35391774,35391775,35391776,35391777,35391778,35391779,35391780,35391781,35391782,35391783,35391784,35391785,35391786,35391787,35391788,35391789,35391790,35391791,35391792,35391793,35391794,35391795,35391796,35391797,35391798,35391799,35391800,35391801,35391802,35391803,35391804,35391805,35391806,35391807,35391808,35391809,35391810,35391811,35391812,35391813,35391814,35391815,35391816,35391817,35391818,35391819,35391820,35391821,35391822,35391823,35391824,35391825,35391826,35391827,35391828,35391829,35391830,35391831,35391832,35391833,35391834,35391835,35391836,35391837,35391838,35391839,35391840,35391841,35391842,35391843,35391844,35391845,35391846,35391847,35391848,35391849,35391850,35391851,35391852,35391853,35391854,35391855,35391856,35391857,35391858,35391859,35391860,35391861,35391862,35391863,35391864,35391865,35391866,35391867,35391868,35391869,35391870,35391871,35391872,35391873,35391874,35391875,35391876,35391877,35391878,35391879,35391880,35391881,35391882,35391883,35391884,35391885,35391886,35391887,35391888,35391889,35391890,35391891,35391892,35391893,35391894,35391895,35391896,35391897,35391898,35391899,35391900,35391901,35391902,35391903,35391904,35391905,35391906,35391907,35391908,35391909,35391910,35391911,35391912,35391913,35391914,35391915,35391916,35391917,35391918,35391919,35391920,35391921,35391922,35391923,35391924,35391925,35391926,35391927,35391928,35391929,35391930,35391931,35391932,35391933,35391934,35391935,35391936,35391937,35391938,35391939,35391940,35391941,35391942,35391943,35391944,35391945,35391946,35391947,35391948,35391949,35391950,35391951,35391952,35391953,35391954,35391955,35391956,35391957,35391958,35391959,35391960,35391961,35391962,35391963,35391964,35391965,35391966,35391967,35391968,35391969,35391970,35391971,35391972,35391973,35391974,35391975,35391976,35391977,35391978,35391979,35391980,35391981,35391982,35391983,35391984,35391985,35391986,35391987,35391988,35391989,35391990,35391991,35391992,35391993,35391994,35391995,35391996,35391997,35391998,35391999,35392000,35392001,35392002,35392003,35392004,35392005,35392006,35392007,35392008,35392009,35392010,35392011,35392012,35392013,35392014,35392015,35392016,35392017,35392018,35392019,35392020,35392021,35392022,35392023,35392024,35392025,35392026,35392027,35392028,35392029,35392030,35392031,35392032,35392033,35392034,35392035,35392036,35392037,35392038,35392039,35392040,35392041,35392042,35392043,35392044,35392045,35392046,35392047,35392048,35392049,35392050,35392051,35392052,35392053,35392054,35392055,35392056,35392057,35392058,35392059,35392060,35392061,35392062,35392063,35392064,35392065,35392066,35392067,35392068,35392069,35392070,35392071,35392072,35392073,35392074,35392075,35392076,35392077,35392078,35392079,35392080,35392081,35392082,35392083,35392084,35392085,35392086,35392087,35392088,35392089,35392090,35392091,35392092,35392093,35392094,35392095,35392096,35392097,35392098,35392099,35392100,35392101,35392102,35392103,35392104,35392105,35392106,35392107,35392108,35392109,35392110,35392111,35392112,35392113,35392114,35392115,35392116,35392117,35392118,35392119,35392120,35392121,35392122,35392123,35392124,35392125,35392126,35392127,35392128,35392129,35392130,35392131,35392132,35392133,35392134,35392135,35392136,35392137,35392138,35392139,35392140,35392141,35392142,35392143,35392144,35392145,35392146,35392147,35392148,35392149,35392150,35392151,35392152,35392153,35392154,35392155,35392156,35392157,35392158,35392159,35392160,35392161,35392162,35392163,35392164,35392165,35392166,35392167,35392168,35392169,35392170,35392171,35392172,35392173,35392174,35392175,35392176,35392177,35392178,35392179,35392180,35392181,35392182,35392183,35392184,35392185,35392186,35392187,35392188,35392189,35392190,35392191,35392192,35392193,35392194,35392195,35392196,35392197,35392198,35392199,35392200,35392201,35392202,35392203,35392204,35392205,35392206,35392207,35392208,35392209,35392210,35392211,35392212,35392213,35392214,35392215,35392216,35392217,35392218,35392219,35392220,35392221,35392222,35392223,35392224,35392225,35392226,35392227,35392228,35392229,35392230,35392231,35392232,35392233,35392234,35392235,35392236,35392237,35392238,35392239,35392240,35392241,35392242,35392243,35392244,35392245,35392246,35392247,35392248,35392249,35392250,35392251,35392252,35392253,35392254,35392255,35392256,35392257,35392258,35392259,35392260,35392261,35392262,35392263,35392264,35392265,35392266,35392267,35392268,35392269,35392270,35392271,35392272,35392273,35392274,35392275,35392276,35392277,35392278,35392279,35392280,35392281,35392282,35392283,35392284,35392285,35392286,35392287,35392288,35392289,35392290,35392291,35392292,35392293,35392294,35392295,35392296,35392297,35392298,35392299,35392300,35392301,35392302,35392303,35392304,35392305,35392306,35392307,35392308,35392309,35392310,35392311,35392312,35392313,35392314,35392315,35392316,35392317,35392318,35392319,35392320,35392321,35392322,35392323,35392324,35392325,35392326,35392327,35392328,35392329,35392330,35392331,35392332,35392333,35392334,35392335,35392336,35392337,35392338,35392339,35392340,35392341,35392342,35392343,35392344,35392345,35392346,35392347,35392348,35392349,35392350,35392351,35392352,35392353,35392354,35392355,35392356,35392357,35392358,35392359,35392360,35392361,35392362,35392363,35392364,35392365,35392366,35392367,35392368,35392369,35392370,35392371,35392372,35392373,35392374,35392375,35392376,35392377,35392378,35392379,35392380,35392381,35392382,35392383,35392384,35392385,35392386,35392387,35392388,35392389,35392390,35392391,35392392,35392393,35392394,35392395,35392396,35392397,35392398,35392399,35392400,35392401,35392402,35392403,35392404,35392405,35392406,35392407,35392408,35392409,35392410,35392411,35392412,35392413,35392414,35392415,35392416,35392417,35392418,35392419,35392420,35392421,35392422,35392423,35392424,35392425,35392426,35392427,35392428,35392429,35392430,35392431,35392432,35392433,35392434,35392435,35392436,35392437,35392438,35392439,35392440,35392441,35392442,35392443,35392444,35392445,35392446,35392447,35392448,35392449,35392450,35392451,35392452,35392453,35392454,35392455,35392456,35392457,35392458,35392459,35392460,35392461,35392462,35392463,35392464,35392465,35392466,35392467,35392468,35392469,35392470,35392471,35392472,35392473,35392474,35392475,35392476,35392477,35392478,35392479,35392480,35392481,35392482,35392483,35392484,35392485,35392486,35392487,35392488,35392489,35392490,35392491,35392492,35392493,35392494,35392495,35392496,35392497,35392498,35392499,35392500,35392501,35392502,35392503,35392504,35392505,35392506,35392507,35392508,35392509,35392510,35392511,35392512,35392513,35392514,35392515,35392516,35392517,35392518,35392519,35392520,35392521,35392522,35392523,35392524,35392525,35392526,35392527,35392528,35392529,35392530,35392531,35392532,35392533,35392534,35392535,35392536,35392537,35392538,35392539,35392540,35392541,35392542,35392543,35392544,35392545,35392546,35392547,35392548,35392549,35392550,35392551,35392552,35392553,35392554,35392555,35392556,35392557,35392558,35392559,35392560,35392561,35392562,35392563,35392564,35392565,35392566,35392567,35392568,35392569,35392570,35392571,35392572,35392573,35392574,35392575,35392576,35392577,35392578,35392579,35392580,35392581,35392582,35392583,35392584,35392585,35392586,35392587,35392588,35392589,35392590,35392591,35392592,35392593,35392594,35392595,35392596,35392597,35392598,35392599,35392600,35392601,35392602,35392603,35392604,35392605,35392606,35392607,35392608,35392609,35392610,35392611,35392612,35392613,35392614,35392615,35392616,35392617,35392618,35392619,35392620,35392621,35392622,35392623,35392624,35392625,35392626,35392627,35392628,35392629,35392630,35392631,35392632,35392633,35392634,35392635,35392636,35392637,35392638,35392639,35392640,35392641,35392642,35392643,35392644,35392645,35392646,35392647,35392648,35392649,35392650,35392651,35392652,35392653,35392654,35392655,35392656,35392657,35392658,35392659,35392660,35392661,35392662,35392663,35392664,35392665,35392666,35392667,35392668,35392669,35392670,35392671,35392672,35392673,35392674,35392675,35392676,35392677,35392678,35392679,35392680,35392681,35392682,35392683,35392684,35392685,35392686,35392687,35392688,35392689,35392690,35392691,35392692,35392693,35392694,35392695,35392696,35392697,35392698,35392699,35392700,35392701,35392702,35392703,35392704,35392705,35392706,35392707,35392708,35392709,35392710,35392711,35392712,35392713,35392714,35392715,35392716,35392717,35392718,35392719,35392720,35392721,35392722,35392723,35392724,35392725,35392726,35392727,35392728,35392729,35392730,35392731,35392732,35392733,35392734,35392735,35392736,35392737,35392738,35392739,35392740,35392741,35392742,35392743,35392744,35392745,35392746,35392747,35392748,35392749,35392750,35392751,35392752,35392753,35392754,35392755,35392756,35392757,35392758,35392759,35392760,35392761,35392762,35392763,35392764,35392765,35392766,35392767,35392768,35392769,35392770,35392771,35392772,35392773,35392774,35392775,35392776,35392777,35392778,35392779,35392780,35392781,35392782,35392783,35392784,35392785,35392786,35392787,35392788,35392789,35392790,35392791,35392792,35392793,35392794,35392795,35392796,35392797,35392798,35392799,35392800,35392801,35392802,35392803,35392804,35392805,35392806,35392807,35392808,35392809,35392810,35392811,35392812,35392813,35392814,35392815,35392816,35392817,35392818,35392819,35392820,35392821,35392822,35392823,35392824,35392825,35392826,35392827,35392828,35392829,35392830,35392831,35392832,35392833,35392834,35392835,35392836,35392837,35392838,35392839,35392840,35392841,35392842,35392843,35392844,35392845,35392846,35392847,35392848,35392849,35392850,35392851,35392852,35392853,35392854,35392855,35392856,35392857,35392858,35392859,35392860,35392861,35392862,35392863,35392864,35392865,35392866,35392867,35392868,35392869,35392870,35392871,35392872,35392873,35392874,35392875,35392876,35392877,35392878,35392879,35392880,35392881,35392882,35392883,35392884,35392885,35392886,35392887,35392888,35392889,35392890,35392891,35392892,35392893,35392894,35392895,35392896,35392897,35392898,35392899,35392900,35392901,35392902,35392903,35392904,35392905,35392906,35392907,35392908,35392909,35392910,35392911,35392912,35392913,35392914,35392915,35392916,35392917,35392918,35392919,35392920,35392921,35392922,35392923,35392924,35392925,35392926,35392927,35392928,35392929,35392930,35392931,35392932,35392933,35392934,35392935,35392936,35392937,35392938,35392939,35392940,35392941,35392942,35392943,35392944,35392945,35392946,35392947,35392948,35392949,35392950,35392951,35392952,35392953,35392954,35392955,35392956,35392957,35392958,35392959,35392960,35392961,35392962,35392963,35392964,35392965,35392966,35392967,35392968,35392969,35392970,35392971,35392972,35392973,35392974,35392975,35392976,35392977,35392978,35392979,35392980,35392981,35392982,35392983,35392984,35392985,35392986,35392987,35392988,35392989,35392990,35392991,35392992,35392993,35392994,35392995,35392996,35392997,35392998,35392999,35393000,35393001,35393002,35393003,35393004,35393005,35393006,35393007,35393008,35393009,35393010,35393011,35393012,35393013,35393014,35393015,35393016,35393017,35393018,35393019,35393020,35393021,35393022,35393023,35393024,35393025,35393026,35393027,35393028,35393029,35393030,35393031,35393032,35393033,35393034,35393035,35393036,35393037,35393038,35393039,35393040,35393041,35393042,35393043,35393044,35393045,35393046,35393047,35393048,35393049,35393050,35393051,35393052,35393053,35393054,35393055,35393056,35393057,35393058,35393059,35393060,35393061,35393062,35393063,35393064,35393065,35393066,35393067,35393068,35393069,35393070,35393071,35393072,35393073,35393074,35393075,35393076,35393077,35393078,35393079,35393080,35393081,35393082,35393083,35393084,35393085,35393086,35393087,35393088,35393089,35393090,35393091,35393092,35393093,35393094,35393095,35393096,35393097,35393098,35393099,35393100,35393101,35393102,35393103,35393104,35393105,35393106,35393107,35393108,35393109,35393110,35393111,35393112,35393113,35393114,35393115,35393116,35393117,35393118,35393119,35393120,35393121,35393122,35393123,35393124,35393125,35393126,35393127,35393128,35393129,35393130,35393131,35393132,35393133,35393134,35393135,35393136,35393137,35393138,35393139,35393140,35393141,35393142,35393143,35393144,35393145,35393146,35393147,35393148,35393149,35393150,35393151,35393152,35393153,35393154,35393155,35393156,35393157,35393158,35393159,35393160,35393161,35393162,35393163,35393164,35393165,35393166,35393167,35393168,35393169,35393170,35393171,35393172,35393173,35393174,35393175,35393176,35393177,35393178,35393179,35393180,35393181,35393182,35393183,35393184,35393185,35393186,35393187,35393188,35393189,35393190,35393191,35393192,35393193,35393194,35393195,35393196,35393197,35393198,35393199,35393200,35393201,35393202,35393203,35393204,35393205,35393206,35393207,35393208,35393209,35393210,35393211,35393212,35393213,35393214,35393215,35393216,35393217,35393218,35393219,35393220,35393221,35393222,35393223,35393224,35393225,35393226,35393227,35393228,35393229,35393230,35393231,35393232,35393233,35393234,35393235,35393236,35393237,35393238,35393239,35393240,35393241,35393242,35393243,35393244,35393245,35393246,35393247,35393248,35393249,35393250,35393251,35393252,35393253,35393254,35393255,35393256,35393257,35393258,35393259,35393260,35393261,35393262,35393263,35393264,35393265,35393266,35393267,35393268,35393269,35393270,35393271,35393272,35393273,35393274,35393275,35393276,35393277,35393278,35393279,35393280,35393281,35393282,35393283,35393284,35393285,35393286,35393287,35393288,35393289,35393290,35393291,35393292,35393293,35393294,35393295,35393296,35393297,35393298,35393299,35393300,35393301,35393302,35393303,35393304,35393305,35393306,35393307,35393308,35393309,35393310,35393311,35393312,35393313,35393314,35393315,35393316,35393317,35393318,35393319,35393320,35393321,35393322,35393323,35393324,35393325,35393326,35393327,35393328,35393329,35393330,35393331,35393332,35393333,35393334,35393335,35393336,35393337,35393338,35393339,35393340,35393341,35393342,35393343,35393344,35393345,35393346,35393347,35393348,35393349,35393350,35393351,35393352,35393353,35393354,35393355,35393356,35393357,35393358,35393359,35393360,35393361,35393362,35393363,35393364,35393365,35393366,35393367,35393368,35393369,35393370,35393371,35393372,35393373,35393374,35393375,35393376,35393377,35393378,35393379,35393380,35393381,35393382,35393383,35393384,35393385,35393386,35393387,35393388,35393389,35393390,35393391,35393392,35393393,35393394,35393395,35393396,35393397,35393398,35393399,35393400,35393401,35393402,35393403,35393404,35393405,35393406,35393407,35393408,35393409,35393410,35393411,35393412,35393413,35393414,35393415,35393416,35393417,35393418,35393419,35393420,35393421,35393422,35393423,35393424,35393425,35393426,35393427,35393428,35393429,35393430,35393431,35393432,35393433,35393434,35393435,35393436,35393437,35393438,35393439,35393440,35393441,35393442,35393443,35393444,35393445,35393446,35393447,35393448,35393449,35393450,35393451,35393452,35393453,35393454,35393455,35393456,35393457,35393458,35393459,35393460,35393461,35393462,35393463,35393464,35393465,35393466,35393467,35393468,35393469,35393470,35393471,35393472,35393473,35393474,35393475,35393476,35393477,35393478,35393479,35393480,35393481,35393482,35393483,35393484,35393485,35393486,35393487,35393488,35393489,35393490,35393491,35393492,35393493,35393494,35393495,35393496,35393497,35393498,35393499,35393500,35393501,35393502,35393503,35393504,35393505,35393506,35393507,35393508,35393509,35393510,35393511,35393512,35393513,35393514,35393515,35393516,35393517,35393518,35393519,35393520,35393521,35393522,35393523,35393524,35393525,35393526,35393527,35393528,35393529,35393530,35393531,35393532,35393533,35393534,35393535,35393536,35393537,35393538,35393539,35393540,35393541,35393542,35393543,35393544,35393545,35393546,35393547,35393548,35393549,35393550,35393551,35393552,35393553,35393554,35393555,35393556,35393557,35393558,35393559,35393560,35393561,35393562,35393563,35393564,35393565,35393566,35393567,35393568,35393569,35393570,35393571,35393572,35393573,35393574,35393575,35393576,35393577,35393578,35393579,35393580,35393581,35393582,35393583,35393584,35393585,35393586,35393587,35393588,35393589,35393590,35393591,35393592,35393593,35393594,35393595,35393596,35393597,35393598,35393599,35393600,35393601,35393602,35393603,35393604,35393605,35393606,35393607,35393608,35393609,35393610,35393611,35393612,35393613,35393614,35393615,35393616,35393617,35393618,35393619,35393620,35393621,35393622,35393623,35393624,35393625,35393626,35393627,35393628,35393629,35393630,35393631,35393632,35393633,35393634,35393635,35393636,35393637,35393638,35393639,35393640,35393641,35393642,35393643,35393644,35393645,35393646,35393647,35393648,35393649,35393650,35393651,35393652,35393653,35393654,35393655,35393656,35393657,35393658,35393659,35393660,35393661,35393662,35393663,35393664,35393665,35393666,35393667,35393668,35393669,35393670,35393671,35393672,35393673,35393674,35393675,35393676,35393677,35393678,35393679,35393680,35393681,35393682,35393683,35393684,35393685,35393686,35393687,35393688,35393689,35393690,35393691,35393692,35393693,35393694,35393695,35393696,35393697,35393698,35393699,35393700,35393701,35393702,35393703,35393704,35393705,35393706,35393707,35393708,35393709,35393710,35393711,35393712,35393713,35393714,35393715,35393716,35393717,35393718,35393719,35393720,35393721,35393722,35393723,35393724,35393725,35393726,35393727,35393728,35393729,35393730,35393731,35393732,35393733,35393734,35393735,35393736,35393737,35393738,35393739,35393740,35393741,35393742,35393743,35393744,35393745,35393746,35393747,35393748,35393749,35393750,35393751,35393752,35393753,35393754,35393755,35393756,35393757,35393758,35393759,35393760,35393761,35393762,35393763,35393764,35393765,35393766,35393767,35393768,35393769,35393770,35393771,35393772,35393773,35393774,35393775,35393776,35393777,35393778,35393779,35393780,35393781,35393782,35393783,35393784,35393785,35393786,35393787,35393788,35393789,35393790,35393791,35393792,35393793,35393794,35393795,35393796,35393797,35393798,35393799,35393800,35393801,35393802,35393803,35393804,35393805,35393806,35393807,35393808,35393809,35393810,35393811,35393812,35393813,35393814,35393815,35393816,35393817,35393818,35393819,35393820,35393821,35393822,35393823,35393824,35393825,35393826,35393827,35393828,35393829,35393830,35393831,35393832,35393833,35393834,35393835,35393836,35393837,35393838,35393839,35393840,35393841,35393842,35393843,35393844,35393845,35393846,35393847,35393848,35393849,35393850,35393851,35393852,35393853,35393854,35393855,35393856,35393857,35393858,35393859,35393860,35393861,35393862,35393863,35393864,35393865,35393866,35393867,35393868,35393869,35393870,35393871,35393872,35393873,35393874,35393875,35393876,35393877,35393878,35393879,35393880,35393881,35393882,35393883,35393884,35393885,35393886,35393887,35393888,35393889,35393890,35393891,35393892,35393893,35393894,35393895,35393896,35393897,35393898,35393899,35393900,35393901,35393902,35393903,35393904,35393905,35393906,35393907,35393908,35393909,35393910,35393911,35393912,35393913,35393914,35393915,35393916,35393917,35393918,35393919,35393920,35393921,35393922,35393923,35393924,35393925,35393926,35393927,35393928,35393929,35393930,35393931,35393932,35393933,35393934,35393935,35393936,35393937,35393938,35393939,35393940,35393941,35393942,35393943,35393944,35393945,35393946,35393947,35393948,35393949,35393950,35393951,35393952,35393953,35393954,35393955,35393956,35393957,35393958,35393959,35393960,35393961,35393962,35393963,35393964,35393965,35393966,35393967,35393968,35393969,35393970,35393971,35393972,35393973,35393974,35393975,35393976,35393977,35393978,35393979,35393980,35393981,35393982,35393983,35393984,35393985,35393986,35393987,35393988,35393989,35393990,35393991,35393992,35393993,35393994,35393995,35393996,35393997,35393998,35393999,35394000,35394001,35394002,35394003,35394004,35394005,35394006,35394007,35394008,35394009,35394010,35394011,35394012,35394013,35394014,35394015,35394016,35394017,35394018,35394019,35394020,35394021,35394022,35394023,35394024,35394025,35394026,35394027,35394028,35394029,35394030,35394031,35394032,35394033,35394034,35394035,35394036,35394037,35394038,35394039,35394040,35394041,35394042,35394043,35394044,35394045,35394046,35394047,35394048,35394049,35394050,35394051,35394052,35394053,35394054,35394055,35394056,35394057,35394058,35394059,35394060,35394061,35394062,35394063,35394064,35394065,35394066,35394067,35394068,35394069,35394070,35394071,35394072,35394073,35394074,35394075,35394076,35394077,35394078,35394079,35394080,35394081,35394082,35394083,35394084,35394085,35394086,35394087,35394088,35394089,35394090,35394091,35394092,35394093,35394094,35394095,35394096,35394097,35394098,35394099,35394100,35394101,35394102,35394103,35394104,35394105,35394106,35394107,35394108,35394109,35394110,35394111,35394112,35394113,35394114,35394115,35394116,35394117,35394118,35394119,35394120,35394121,35394122,35394123,35394124,35394125,35394126,35394127,35394128,35394129,35394130,35394131,35394132,35394133,35394134,35394135,35394136,35394137,35394138,35394139,35394140,35394141,35394142,35394143,35394144,35394145,35394146,35394147,35394148,35394149,35394150,35394151,35394152,35394153,35394154,35394155,35394156,35394157,35394158,35394159,35394160,35394161,35394162,35394163,35394164,35394165,35394166,35394167,35394168,35394169,35394170,35394171,35394172,35394173,35394174,35394175,35394176,35394177,35394178,35394179,35394180,35394181,35394182,35394183,35394184,35394185,35394186,35394187,35394188,35394189,35394190,35394191,35394192,35394193,35394194,35394195,35394196,35394197,35394198,35394199,35394200,35394201,35394202,35394203,35394204,35394205,35394206,35394207,35394208,35394209,35394210,35394211,35394212,35394213,35394214,35394215,35394216,35394217,35394218,35394219,35394220,35394221,35394222,35394223,35394224,35394225,35394226,35394227,35394228,35394229,35394230,35394231,35394232,35394233,35394234,35394235,35394236,35394237,35394238,35394239,35394240,35394241,35394242,35394243,35394244,35394245,35394246,35394247,35394248,35394249,35394250,35394251,35394252,35394253,35394254,35394255,35394256,35394257,35394258,35394259,35394260,35394261,35394262,35394263,35394264,35394265,35394266,35394267,35394268,35394269,35394270,35394271,35394272,35394273,35394274,35394275,35394276,35394277,35394278,35394279,35394280,35394281,35394282,35394283,35394284,35394285,35394286,35394287,35394288,35394289,35394290,35394291,35394292,35394293,35394294,35394295,35394296,35394297,35394298,35394299,35394300,35394301,35394302,35394303,35394304,35394305,35394306,35394307,35394308,35394309,35394310,35394311,35394312,35394313,35394314,35394315,35394316,35394317,35394318,35394319,35394320,35394321,35394322,35394323,35394324,35394325,35394326,35394327,35394328,35394329,35394330,35394331,35394332,35394333,35394334,35394335,35394336,35394337,35394338,35394339,35394340,35394341,35394342,35394343,35394344,35394345,35394346,35394347,35394348,35394349,35394350,35394351,35394352,35394353,35394354,35394355,35394356,35394357,35394358,35394359,35394360,35394361,35394362,35394363,35394364,35394365,35394366,35394367,35394368,35394369,35394370,35394371,35394372,35394373,35394374,35394375,35394376,35394377,35394378,35394379,35394380,35394381,35394382,35394383,35394384,35394385,35394386,35394387,35394388,35394389,35394390,35394391,35394392,35394393,35394394,35394395,35394396,35394397,35394398,35394399,35394400,35394401,35394402,35394403,35394404,35394405,35394406,35394407,35394408,35394409,35394410,35394411,35394412,35394413,35394414,35394415,35394416,35394417,35394418,35394419,35394420,35394421,35394422,35394423,35394424,35394425,35394426,35394427,35394428,35394429,35394430,35394431,35394432,35394433,35394434,35394435,35394436,35394437,35394438,35394439,35394440,35394441,35394442,35394443,35394444,35394445,35394446,35394447,35394448,35394449,35394450,35394451,35394452,35394453,35394454,35394455,35394456,35394457,35394458,35394459,35394460,35394461,35394462,35394463,35394464,35394465,35394466,35394467,35394468,35394469,35394470,35394471,35394472,35394473,35394474,35394475,35394476,35394477,35394478,35394479,35394480,35394481,35394482,35394483,35394484,35394485,35394486,35394487,35394488,35394489,35394490,35394491,35394492,35394493,35394494,35394495,35394496,35394497,35394498,35394499,35394500,35394501,35394502,35394503,35394504,35394505,35394506,35394507,35394508,35394509,35394510,35394511,35394512,35394513,35394514,35394515,35394516,35394517,35394518,35394519,35394520,35394521,35394522,35394523,35394524,35394525,35394526,35394527,35394528,35394529,35394530,35394531,35394532,35394533,35394534,35394535,35394536,35394537,35394538,35394539,35394540,35394541,35394542,35394543,35394544,35394545,35394546,35394547,35394548,35394549,35394550,35394551,35394552,35394553,35394554,35394555,35394556,35394557,35394558,35394559,35394560,35394561,35394562,35394563,35394564,35394565,35394566,35394567,35394568,35394569,35394570,35394571,35394572,35394573,35394574,35394575,35394576,35394577,35394578,35394579,35394580,35394581,35394582,35394583,35394584,35394585,35394586,35394587,35394588,35394589,35394590,35394591,35394592,35394593,35394594,35394595,35394596,35394597,35394598,35394599,35394600,35394601,35394602,35394603,35394604,35394605,35394606,35394607,35394608,35394609,35394610,35394611,35394612,35394613,35394614,35394615,35394616,35394617,35394618,35394619,35394620,35394621,35394622,35394623,35394624,35394625,35394626,35394627,35394628,35394629,35394630,35394631,35394632,35394633,35394634,35394635,35394636,35394637,35394638,35394639,35394640,35394641,35394642,35394643,35394644,35394645,35394646,35394647,35394648,35394649,35394650,35394651,35394652,35394653,35394654,35394655,35394656,35394657,35394658,35394659,35394660,35394661,35394662,35394663,35394664,35394665,35394666,35394667,35394668,35394669,35394670,35394671,35394672,35394673,35394674,35394675,35394676,35394677,35394678,35394679,35394680,35394681,35394682,35394683,35394684,35394685,35394686,35394687,35394688,35394689,35394690,35394691,35394692,35394693,35394694,35394695,35394696,35394697,35394698,35394699,35394700,35394701,35394702,35394703,35394704,35394705,35394706,35394707,35394708,35394709,35394710,35394711,35394712,35394713,35394714,35394715,35394716,35394717,35394718,35394719,35394720,35394721,35394722,35394723,35394724,35394725,35394726,35394727,35394728,35394729,35394730,35394731,35394732,35394733,35394734,35394735,35394736,35394737,35394738,35394739,35394740,35394741,35394742,35394743,35394744,35394745,35394746,35394747,35394748,35394749,35394750,35394751,35394752,35394753,35394754,35394755,35394756,35394757,35394758,35394759,35394760,35394761,35394762,35394763,35394764,35394765,35394766,35394767,35394768,35394769,35394770,35394771,35394772,35394773,35394774,35394775,35394776,35394777,35394778,35394779,35394780,35394781,35394782,35394783,35394784,35394785,35394786,35394787,35394788,35394789,35394790,35394791,35394792,35394793,35394794,35394795,35394796,35394797,35394798,35394799,35394800,35394801,35394802,35394803,35394804,35394805,35394806,35394807,35394808,35394809,35394810,35394811,35394812,35394813,35394814,35394815,35394816,35394817,35394818,35394819,35394820,35394821,35394822,35394823,35394824,35394825,35394826,35394827,35394828,35394829,35394830,35394831,35394832,35394833,35394834,35394835,35394836,35394837,35394838,35394839,35394840,35394841,35394842,35394843,35394844,35394845,35394846,35394847,35394848,35394849,35394850,35394851,35394852,35394853,35394854,35394855,35394856,35394857,35394858,35394859,35394860,35394861,35394862,35394863,35394864,35394865,35394866,35394867,35394868,35394869,35394870,35394871,35394872,35394873,35394874,35394875,35394876,35394877,35394878,35394879,35394880,35394881,35394882,35394883,35394884,35394885,35394886,35394887,35394888,35394889,35394890,35394891,35394892,35394893,35394894,35394895,35394896,35394897,35394898,35394899,35394900,35394901,35394902,35394903,35394904,35394905,35394906,35394907,35394908,35394909,35394910,35394911,35394912,35394913,35394914,35394915,35394916,35394917,35394918,35394919,35394920,35394921,35394922,35394923,35394924,35394925,35394926,35394927,35394928,35394929,35394930,35394931,35394932,35394933,35394934,35394935,35394936,35394937,35394938,35394939,35394940,35394941,35394942,35394943,35394944,35394945,35394946,35394947,35394948,35394949,35394950,35394951,35394952,35394953,35394954,35394955,35394956,35394957,35394958,35394959,35394960,35394961,35394962,35394963,35394964,35394965,35394966,35394967,35394968,35394969,35394970,35394971,35394972,35394973,35394974,35394975,35394976,35394977,35394978,35394979,35394980,35394981,35394982,35394983,35394984,35394985,35394986,35394987,35394988,35394989,35394990,35394991,35394992,35394993,35394994,35394995,35394996,35394997,35394998,35394999,35395000,35395001,35395002,35395003,35395004,35395005,35395006,35395007,35395008,35395009,35395010,35395011,35395012,35395013,35395014,35395015,35395016,35395017,35395018,35395019,35395020,35395021,35395022,35395023,35395024,35395025,35395026,35395027,35395028,35395029,35395030,35395031,35395032,35395033,35395034,35395035,35395036,35395037,35395038,35395039,35395040,35395041,35395042,35395043,35395044,35395045,35395046,35395047,35395048,35395049,35395050,35395051,35395052,35395053,35395054,35395055,35395056,35395057,35395058,35395059,35395060,35395061,35395062,35395063,35395064,35395065,35395066,35395067,35395068,35395069,35395070,35395071,35395072,35395073,35395074,35395075,35395076,35395077,35395078,35395079,35395080,35395081,35395082,35395083,35395084,35395085,35395086,35395087,35395088,35395089,35395090,35395091,35395092,35395093,35395094,35395095,35395096,35395097,35395098,35395099,35395100,35395101,35395102,35395103,35395104,35395105,35395106,35395107,35395108,35395109,35395110,35395111,35395112,35395113,35395114,35395115,35395116,35395117,35395118,35395119,35395120,35395121,35395122,35395123,35395124,35395125,35395126,35395127,35395128,35395129,35395130,35395131,35395132,35395133,35395134,35395135,35395136,35395137,35395138,35395139,35395140,35395141,35395142,35395143,35395144,35395145,35395146,35395147,35395148,35395149,35395150,35395151,35395152,35395153,35395154,35395155,35395156,35395157,35395158,35395159,35395160,35395161,35395162,35395163,35395164,35395165,35395166,35395167,35395168,35395169,35395170,35395171,35395172,35395173,35395174,35395175,35395176,35395177,35395178,35395179,35395180,35395181,35395182,35395183,35395184,35395185,35395186,35395187,35395188,35395189,35395190,35395191,35395192,35395193,35395194,35395195,35395196,35395197,35395198,35395199,35395200,35395201,35395202,35395203,35395204,35395205,35395206,35395207,35395208,35395209,35395210,35395211,35395212,35395213,35395214,35395215,35395216,35395217,35395218,35395219,35395220,35395221,35395222,35395223,35395224,35395225,35395226,35395227,35395228,35395229,35395230,35395231,35395232,35395233,35395234,35395235,35395236,35395237,35395238,35395239,35395240,35395241,35395242,35395243,35395244,35395245,35395246,35395247,35395248,35395249,35395250,35395251,35395252,35395253,35395254,35395255,35395256,35395257,35395258,35395259,35395260,35395261,35395262,35395263,35395264,35395265,35395266,35395267,35395268,35395269,35395270,35395271,35395272,35395273,35395274,35395275,35395276,35395277,35395278,35395279,35395280,35395281,35395282,35395283,35395284,35395285,35395286,35395287,35395288,35395289,35395290,35395291,35395292,35395293,35395294,35395295,35395296,35395297,35395298,35395299,35395300,35395301,35395302,35395303,35395304,35395305,35395306,35395307,35395308,35395309,35395310,35395311,35395312,35395313,35395314,35395315,35395316,35395317,35395318,35395319,35395320,35395321,35395322,35395323,35395324,35395325,35395326,35395327,35395328,35395329,35395330,35395331,35395332,35395333,35395334,35395335,35395336,35395337,35395338,35395339,35395340,35395341,35395342,35395343,35395344,35395345,35395346,35395347,35395348,35395349,35395350,35395351,35395352,35395353,35395354,35395355,35395356,35395357,35395358,35395359,35395360,35395361,35395362,35395363,35395364,35395365,35395366,35395367,35395368,35395369,35395370,35395371,35395372,35395373,35395374,35395375,35395376,35395377,35395378,35395379,35395380,35395381,35395382,35395383,35395384,35395385,35395386,35395387,35395388,35395389,35395390,35395391,35395392,35395393,35395394,35395395,35395396,35395397,35395398,35395399,35395400,35395401,35395402,35395403,35395404,35395405,35395406,35395407,35395408,35395409,35395410,35395411,35395412,35395413,35395414,35395415,35395416,35395417,35395418,35395419,35395420,35395421,35395422,35395423,35395424,35395425,35395426,35395427,35395428,35395429,35395430,35395431,35395432,35395433,35395434,35395435,35395436,35395437,35395438,35395439,35395440,35395441,35395442,35395443,35395444,35395445,35395446,35395447,35395448,35395449,35395450,35395451,35395452,35395453,35395454,35395455,35395456,35395457,35395458,35395459,35395460,35395461,35395462,35395463,35395464,35395465,35395466,35395467,35395468,35395469,35395470,35395471,35395472,35395473,35395474,35395475,35395476,35395477,35395478,35395479,35395480,35395481,35395482,35395483,35395484,35395485,35395486,35395487,35395488,35395489,35395490,35395491,35395492,35395493,35395494,35395495,35395496,35395497,35395498,35395499,35395500,35395501,35395502,35395503,35395504,35395505,35395506,35395507,35395508,35395509,35395510,35395511,35395512,35395513,35395514,35395515,35395516,35395517,35395518,35395519,35395520,35395521,35395522,35395523,35395524,35395525,35395526,35395527,35395528,35395529,35395530,35395531,35395532,35395533,35395534,35395535,35395536,35395537,35395538,35395539,35395540,35395541,35395542,35395543,35395544,35395545,35395546,35395547,35395548,35395549,35395550,35395551,35395552,35395553,35395554,35395555,35395556,35395557,35395558,35395559,35395560,35395561,35395562,35395563,35395564,35395565,35395566,35395567,35395568,35395569,35395570,35395571,35395572,35395573,35395574,35395575,35395576,35395577,35395578,35395579,35395580,35395581,35395582,35395583,35395584,35395585,35395586,35395587,35395588,35395589,35395590,35395591,35395592,35395593,35395594,35395595,35395596,35395597,35395598,35395599,35395600,35395601,35395602,35395603,35395604,35395605,35395606,35395607,35395608,35395609,35395610,35395611,35395612,35395613,35395614,35395615,35395616,35395617,35395618,35395619,35395620,35395621,35395622,35395623,35395624,35395625,35395626,35395627,35395628,35395629,35395630,35395631,35395632,35395633,35395634,35395635,35395636,35395637,35395638,35395639,35395640,35395641,35395642,35395643,35395644,35395645,35395646,35395647,35395648,35395649,35395650,35395651,35395652,35395653,35395654,35395655,35395656,35395657,35395658,35395659,35395660,35395661,35395662,35395663,35395664,35395665,35395666,35395667,35395668,35395669,35395670,35395671,35395672,35395673,35395674,35395675,35395676,35395677,35395678,35395679,35395680,35395681,35395682,35395683,35395684,35395685,35395686,35395687,35395688,35395689,35395690,35395691,35395692,35395693,35395694,35395695,35395696,35395697,35395698,35395699,35395700,35395701,35395702,35395703,35395704,35395705,35395706,35395707,35395708,35395709,35395710,35395711,35395712,35395713,35395714,35395715,35395716,35395717,35395718,35395719,35395720,35395721,35395722,35395723,35395724,35395725,35395726,35395727,35395728,35395729,35395730,35395731,35395732,35395733,35395734,35395735,35395736,35395737,35395738,35395739,35395740,35395741,35395742,35395743,35395744,35395745,35395746,35395747,35395748,35395749,35395750,35395751,35395752,35395753,35395754,35395755,35395756,35395757,35395758,35395759,35395760,35395761,35395762,35395763,35395764,35395765,35395766,35395767,35395768,35395769,35395770,35395771,35395772,35395773,35395774,35395775,35395776,35395777,35395778,35395779,35395780,35395781,35395782,35395783,35395784,35395785,35395786,35395787,35395788,35395789,35395790,35395791,35395792,35395793,35395794,35395795,35395796,35395797,35395798,35395799,35395800,35395801,35395802,35395803,35395804,35395805,35395806,35395807,35395808,35395809,35395810,35395811,35395812,35395813,35395814,35395815,35395816,35395817,35395818,35395819,35395820,35395821,35395822,35395823,35395824,35395825,35395826,35395827,35395828,35395829,35395830,35395831,35395832,35395833,35395834,35395835,35395836,35395837,35395838,35395839,35395840,35395841,35395842,35395843,35395844,35395845,35395846,35395847,35395848,35395849,35395850,35395851,35395852,35395853,35395854,35395855,35395856,35395857,35395858,35395859,35395860,35395861,35395862,35395863,35395864,35395865,35395866,35395867,35395868,35395869,35395870,35395871,35395872,35395873,35395874,35395875,35395876,35395877,35395878,35395879,35395880,35395881,35395882,35395883,35395884,35395885,35395886,35395887,35395888,35395889,35395890,35395891,35395892,35395893,35395894,35395895,35395896,35395897,35395898,35395899,35395900,35395901,35395902,35395903,35395904,35395905,35395906,35395907,35395908,35395909,35395910,35395911,35395912,35395913,35395914,35395915,35395916,35395917,35395918,35395919,35395920,35395921,35395922,35395923,35395924,35395925,35395926,35395927,35395928,35395929,35395930,35395931,35395932,35395933,35395934,35395935,35395936,35395937,35395938,35395939,35395940,35395941,35395942,35395943,35395944,35395945,35395946,35395947,35395948,35395949,35395950,35395951,35395952,35395953,35395954,35395955,35395956,35395957,35395958,35395959,35395960,35395961,35395962,35395963,35395964,35395965,35395966,35395967,35395968,35395969,35395970,35395971,35395972,35395973,35395974,35395975,35395976,35395977,35395978,35395979,35395980,35395981,35395982,35395983,35395984,35395985,35395986,35395987,35395988,35395989,35395990,35395991,35395992,35395993,35395994,35395995,35395996,35395997,35395998,35395999,35396000,35396001,35396002,35396003,35396004,35396005,35396006,35396007,35396008,35396009,35396010,35396011,35396012,35396013,35396014,35396015,35396016,35396017,35396018,35396019,35396020,35396021,35396022,35396023,35396024,35396025,35396026,35396027,35396028,35396029,35396030,35396031,35396032,35396033,35396034,35396035,35396036,35396037,35396038,35396039,35396040,35396041,35396042,35396043,35396044,35396045,35396046,35396047,35396048,35396049,35396050,35396051,35396052,35396053,35396054,35396055,35396056,35396057,35396058,35396059,35396060,35396061,35396062,35396063,35396064,35396065,35396066,35396067,35396068,35396069,35396070,35396071,35396072,35396073,35396074,35396075,35396076,35396077,35396078,35396079,35396080,35396081,35396082,35396083,35396084,35396085,35396086,35396087,35396088,35396089,35396090,35396091,35396092,35396093,35396094,35396095,35396096,35396097,35396098,35396099,35396100,35396101,35396102,35396103,35396104,35396105,35396106,35396107,35396108,35396109,35396110,35396111,35396112,35396113,35396114,35396115,35396116,35396117,35396118,35396119,35396120,35396121,35396122,35396123,35396124,35396125,35396126,35396127,35396128,35396129,35396130,35396131,35396132,35396133,35396134,35396135,35396136,35396137,35396138,35396139,35396140,35396141,35396142,35396143,35396144,35396145,35396146,35396147,35396148,35396149,35396150,35396151,35396152,35396153,35396154,35396155,35396156,35396157,35396158,35396159,35396160,35396161,35396162,35396163,35396164,35396165,35396166,35396167,35396168,35396169,35396170,35396171,35396172,35396173,35396174,35396175,35396176,35396177,35396178,35396179,35396180,35396181,35396182,35396183,35396184,35396185,35396186,35396187,35396188,35396189,35396190,35396191,35396192,35396193,35396194,35396195,35396196,35396197,35396198,35396199,35396200,35396201,35396202,35396203,35396204,35396205,35396206,35396207,35396208,35396209,35396210,35396211,35396212,35396213,35396214,35396215,35396216,35396217,35396218,35396219,35396220,35396221,35396222,35396223,35396224,35396225,35396226,35396227,35396228,35396229,35396230,35396231,35396232,35396233,35396234,35396235,35396236,35396237,35396238,35396239,35396240,35396241,35396242,35396243,35396244,35396245,35396246,35396247,35396248,35396249,35396250,35396251,35396252,35396253,35396254,35396255,35396256,35396257,35396258,35396259,35396260,35396261,35396262,35396263,35396264,35396265,35396266,35396267,35396268,35396269,35396270,35396271,35396272,35396273,35396274,35396275,35396276,35396277,35396278,35396279,35396280,35396281,35396282,35396283,35396284,35396285,35396286,35396287,35396288,35396289,35396290,35396291,35396292,35396293,35396294,35396295,35396296,35396297,35396298,35396299,35396300,35396301,35396302,35396303,35396304,35396305,35396306,35396307,35396308,35396309,35396310,35396311,35396312,35396313,35396314,35396315,35396316,35396317,35396318,35396319,35396320,35396321,35396322,35396323,35396324,35396325,35396326,35396327,35396328,35396329,35396330,35396331,35396332,35396333,35396334,35396335,35396336,35396337,35396338,35396339,35396340,35396341,35396342,35396343,35396344,35396345,35396346,35396347,35396348,35396349,35396350,35396351,35396352,35396353,35396354,35396355,35396356,35396357,35396358,35396359,35396360,35396361,35396362,35396363,35396364,35396365,35396366,35396367,35396368,35396369,35396370,35396371,35396372,35396373,35396374,35396375,35396376,35396377,35396378,35396379,35396380,35396381,35396382,35396383,35396384,35396385,35396386,35396387,35396388,35396389,35396390,35396391,35396392,35396393,35396394,35396395,35396396,35396397,35396398,35396399,35396400,35396401,35396402,35396403,35396404,35396405,35396406,35396407,35396408,35396409,35396410,35396411,35396412,35396413,35396414,35396415,35396416,35396417,35396418,35396419,35396420,35396421,35396422,35396423,35396424,35396425,35396426,35396427,35396428,35396429,35396430,35396431,35396432,35396433,35396434,35396435,35396436,35396437,35396438,35396439,35396440,35396441,35396442,35396443,35396444,35396445,35396446,35396447,35396448,35396449,35396450,35396451,35396452,35396453,35396454,35396455,35396456,35396457,35396458,35396459,35396460,35396461,35396462,35396463,35396464,35396465,35396466,35396467,35396468,35396469,35396470,35396471,35396472,35396473,35396474,35396475,35396476,35396477,35396478,35396479,35396480,35396481,35396482,35396483,35396484,35396485,35396486,35396487,35396488,35396489,35396490,35396491,35396492,35396493,35396494,35396495,35396496,35396497,35396498,35396499,35396500,35396501,35396502,35396503,35396504,35396505,35396506,35396507,35396508,35396509,35396510,35396511,35396512,35396513,35396514,35396515,35396516,35396517,35396518,35396519,35396520,35396521,35396522,35396523,35396524,35396525,35396526,35396527,35396528,35396529,35396530,35396531,35396532,35396533,35396534,35396535,35396536,35396537,35396538,35396539,35396540,35396541,35396542,35396543,35396544,35396545,35396546,35396547,35396548,35396549,35396550,35396551,35396552,35396553,35396554,35396555,35396556,35396557,35396558,35396559,35396560,35396561,35396562,35396563,35396564,35396565,35396566,35396567,35396568,35396569,35396570,35396571,35396572,35396573,35396574,35396575,35396576,35396577,35396578,35396579,35396580,35396581,35396582,35396583,35396584,35396585,35396586,35396587,35396588,35396589,35396590,35396591,35396592,35396593,35396594,35396595,35396596,35396597,35396598,35396599,35396600,35396601,35396602,35396603,35396604,35396605,35396606,35396607,35396608,35396609,35396610,35396611,35396612,35396613,35396614,35396615,35396616,35396617,35396618,35396619,35396620,35396621,35396622,35396623,35396624,35396625,35396626,35396627,35396628,35396629,35396630,35396631,35396632,35396633,35396634,35396635,35396636,35396637,35396638,35396639,35396640,35396641,35396642,35396643,35396644,35396645,35396646,35396647,35396648,35396649,35396650,35396651,35396652,35396653,35396654,35396655,35396656,35396657,35396658,35396659,35396660,35396661,35396662,35396663,35396664,35396665,35396666,35396667,35396668,35396669,35396670,35396671,35396672,35396673,35396674,35396675,35396676,35396677,35396678,35396679,35396680,35396681,35396682,35396683,35396684,35396685,35396686,35396687,35396688,35396689,35396690,35396691,35396692,35396693,35396694,35396695,35396696,35396697,35396698,35396699,35396700,35396701,35396702,35396703,35396704,35396705,35396706,35396707,35396708,35396709,35396710,35396711,35396712,35396713,35396714,35396715,35396716,35396717,35396718,35396719,35396720,35396721,35396722,35396723,35396724,35396725,35396726,35396727,35396728,35396729,35396730,35396731,35396732,35396733,35396734,35396735,35396736,35396737,35396738,35396739,35396740,35396741,35396742,35396743,35396744,35396745,35396746,35396747,35396748,35396749,35396750,35396751,35396752,35396753,35396754,35396755,35396756,35396757,35396758,35396759,35396760,35396761,35396762,35396763,35396764,35396765,35396766,35396767,35396768,35396769,35396770,35396771,35396772,35396773,35396774,35396775,35396776,35396777,35396778,35396779,35396780,35396781,35396782,35396783,35396784,35396785,35396786,35396787,35396788,35396789,35396790,35396791,35396792,35396793,35396794,35396795,35396796,35396797,35396798,35396799,35396800,35396801,35396802,35396803,35396804,35396805,35396806,35396807,35396808,35396809,35396810,35396811,35396812,35396813,35396814,35396815,35396816,35396817,35396818,35396819,35396820,35396821,35396822,35396823,35396824,35396825,35396826,35396827,35396828,35396829,35396830,35396831,35396832,35396833,35396834,35396835,35396836,35396837,35396838,35396839,35396840,35396841,35396842,35396843,35396844,35396845,35396846,35396847,35396848,35396849,35396850,35396851,35396852,35396853,35396854,35396855,35396856,35396857,35396858,35396859,35396860,35396861,35396862,35396863,35396864,35396865,35396866,35396867,35396868,35396869,35396870,35396871,35396872,35396873,35396874,35396875,35396876,35396877,35396878,35396879,35396880,35396881,35396882,35396883,35396884,35396885,35396886,35396887,35396888,35396889,35396890,35396891,35396892,35396893,35396894,35396895,35396896,35396897,35396898,35396899,35396900,35396901,35396902,35396903,35396904,35396905,35396906,35396907,35396908,35396909,35396910,35396911,35396912,35396913,35396914,35396915,35396916,35396917,35396918,35396919,35396920,35396921,35396922,35396923,35396924,35396925,35396926,35396927,35396928,35396929,35396930,35396931,35396932,35396933,35396934,35396935,35396936,35396937,35396938,35396939,35396940,35396941,35396942,35396943,35396944,35396945,35396946,35396947,35396948,35396949,35396950,35396951,35396952,35396953,35396954,35396955,35396956,35396957,35396958,35396959,35396960,35396961,35396962,35396963,35396964,35396965,35396966,35396967,35396968,35396969,35396970,35396971,35396972,35396973,35396974,35396975,35396976,35396977,35396978,35396979,35396980,35396981,35396982,35396983,35396984,35396985,35396986,35396987,35396988,35396989,35396990,35396991,35396992,35396993,35396994,35396995,35396996,35396997,35396998,35396999,35397000,35397001,35397002,35397003,35397004,35397005,35397006,35397007,35397008,35397009,35397010,35397011,35397012,35397013,35397014,35397015,35397016,35397017,35397018,35397019,35397020,35397021,35397022,35397023,35397024,35397025,35397026,35397027,35397028,35397029,35397030,35397031,35397032,35397033,35397034,35397035,35397036,35397037,35397038,35397039,35397040,35397041,35397042,35397043,35397044,35397045,35397046,35397047,35397048,35397049,35397050,35397051,35397052,35397053,35397054,35397055,35397056,35397057,35397058,35397059,35397060,35397061,35397062,35397063,35397064,35397065,35397066,35397067,35397068,35397069,35397070,35397071,35397072,35397073,35397074,35397075,35397076,35397077,35397078,35397079,35397080,35397081,35397082,35397083,35397084,35397085,35397086,35397087,35397088,35397089,35397090,35397091,35397092,35397093,35397094,35397095,35397096,35397097,35397098,35397099,35397100,35397101,35397102,35397103,35397104,35397105,35397106,35397107,35397108,35397109,35397110,35397111,35397112,35397113,35397114,35397115,35397116,35397117,35397118,35397119,35397120,35397121,35397122,35397123,35397124,35397125,35397126,35397127,35397128,35397129,35397130,35397131,35397132,35397133,35397134,35397135,35397136,35397137,35397138,35397139,35397140,35397141,35397142,35397143,35397144,35397145,35397146,35397147,35397148,35397149,35397150,35397151,35397152,35397153,35397154,35397155,35397156,35397157,35397158,35397159,35397160,35397161,35397162,35397163,35397164,35397165,35397166,35397167,35397168,35397169,35397170,35397171,35397172,35397173,35397174,35397175,35397176,35397177,35397178,35397179,35397180,35397181,35397182,35397183,35397184,35397185,35397186,35397187,35397188,35397189,35397190,35397191,35397192,35397193,35397194,35397195,35397196,35397197,35397198,35397199,35397200,35397201,35397202,35397203,35397204,35397205,35397206,35397207,35397208,35397209,35397210,35397211,35397212,35397213,35397214,35397215,35397216,35397217,35397218,35397219,35397220,35397221,35397222,35397223,35397224,35397225,35397226,35397227,35397228,35397229,35397230,35397231,35397232,35397233,35397234,35397235,35397236,35397237,35397238,35397239,35397240,35397241,35397242,35397243,35397244,35397245,35397246,35397247,35397248,35397249,35397250,35397251,35397252,35397253,35397254,35397255,35397256,35397257,35397258,35397259,35397260,35397261,35397262,35397263,35397264,35397265,35397266,35397267,35397268,35397269,35397270,35397271,35397272,35397273,35397274,35397275,35397276,35397277,35397278,35397279,35397280,35397281,35397282,35397283,35397284,35397285,35397286,35397287,35397288,35397289,35397290,35397291,35397292,35397293,35397294,35397295,35397296,35397297,35397298,35397299,35397300,35397301,35397302,35397303,35397304,35397305,35397306,35397307,35397308,35397309,35397310,35397311,35397312,35397313,35397314,35397315,35397316,35397317,35397318,35397319,35397320,35397321,35397322,35397323,35397324,35397325,35397326,35397327,35397328,35397329,35397330,35397331,35397332,35397333,35397334,35397335,35397336,35397337,35397338,35397339,35397340,35397341,35397342,35397343,35397344,35397345,35397346,35397347,35397348,35397349,35397350,35397351,35397352,35397353,35397354,35397355,35397356,35397357,35397358,35397359,35397360,35397361,35397362,35397363,35397364,35397365,35397366,35397367,35397368,35397369,35397370,35397371,35397372,35397373,35397374,35397375,35397376,35397377,35397378,35397379,35397380,35397381,35397382,35397383,35397384,35397385,35397386,35397387,35397388,35397389,35397390,35397391,35397392,35397393,35397394,35397395,35397396,35397397,35397398,35397399,35397400,35397401,35397402,35397403,35397404,35397405,35397406,35397407,35397408,35397409,35397410,35397411,35397412,35397413,35397414,35397415,35397416,35397417,35397418,35397419,35397420,35397421,35397422,35397423,35397424,35397425,35397426,35397427,35397428,35397429,35397430,35397431,35397432,35397433,35397434,35397435,35397436,35397437,35397438,35397439,35397440,35397441,35397442,35397443,35397444,35397445,35397446,35397447,35397448,35397449,35397450,35397451,35397452,35397453,35397454,35397455,35397456,35397457,35397458,35397459,35397460,35397461,35397462,35397463,35397464,35397465,35397466,35397467,35397468,35397469,35397470,35397471,35397472,35397473,35397474,35397475,35397476,35397477,35397478,35397479,35397480,35397481,35397482,35397483,35397484,35397485,35397486,35397487,35397488,35397489,35397490,35397491,35397492,35397493,35397494,35397495,35397496,35397497,35397498,35397499,35397500,35397501,35397502,35397503,35397504,35397505,35397506,35397507,35397508,35397509,35397510,35397511,35397512,35397513,35397514,35397515,35397516,35397517,35397518,35397519,35397520,35397521,35397522,35397523,35397524,35397525,35397526,35397527,35397528,35397529,35397530,35397531,35397532,35397533,35397534,35397535,35397536,35397537,35397538,35397539,35397540,35397541,35397542,35397543,35397544,35397545,35397546,35397547,35397548,35397549,35397550,35397551,35397552,35397553,35397554,35397555,35397556,35397557,35397558,35397559,35397560,35397561,35397562,35397563,35397564,35397565,35397566,35397567,35397568,35397569,35397570,35397571,35397572,35397573,35397574,35397575,35397576,35397577,35397578,35397579,35397580,35397581,35397582,35397583,35397584,35397585,35397586,35397587,35397588,35397589,35397590,35397591,35397592,35397593,35397594,35397595,35397596,35397597,35397598,35397599,35397600,35397601,35397602,35397603,35397604,35397605,35397606,35397607,35397608,35397609,35397610,35397611,35397612,35397613,35397614,35397615,35397616,35397617,35397618,35397619,35397620,35397621,35397622,35397623,35397624,35397625,35397626,35397627,35397628,35397629,35397630,35397631,35397632,35397633,35397634,35397635,35397636,35397637,35397638,35397639,35397640,35397641,35397642,35397643,35397644,35397645,35397646,35397647,35397648,35397649,35397650,35397651,35397652,35397653,35397654,35397655,35397656,35397657,35397658,35397659,35397660,35397661,35397662,35397663,35397664,35397665,35397666,35397667,35397668,35397669,35397670,35397671,35397672,35397673,35397674,35397675,35397676,35397677,35397678,35397679,35397680,35397681,35397682,35397683,35397684,35397685,35397686,35397687,35397688,35397689,35397690,35397691,35397692,35397693,35397694,35397695,35397696,35397697,35397698,35397699,35397700,35397701,35397702,35397703,35397704,35397705,35397706,35397707,35397708,35397709,35397710,35397711,35397712,35397713,35397714,35397715,35397716,35397717,35397718,35397719,35397720,35397721,35397722,35397723,35397724,35397725,35397726,35397727,35397728,35397729,35397730,35397731,35397732,35397733,35397734,35397735,35397736,35397737,35397738,35397739,35397740,35397741,35397742,35397743,35397744,35397745,35397746,35397747,35397748,35397749,35397750,35397751,35397752,35397753,35397754,35397755,35397756,35397757,35397758,35397759,35397760,35397761,35397762,35397763,35397764,35397765,35397766,35397767,35397768,35397769,35397770,35397771,35397772,35397773,35397774,35397775,35397776,35397777,35397778,35397779,35397780,35397781,35397782,35397783,35397784,35397785,35397786,35397787,35397788,35397789,35397790,35397791,35397792,35397793,35397794,35397795,35397796,35397797,35397798,35397799,35397800,35397801,35397802,35397803,35397804,35397805,35397806,35397807,35397808,35397809,35397810,35397811,35397812,35397813,35397814,35397815,35397816,35397817,35397818,35397819,35397820,35397821,35397822,35397823,35397824,35397825,35397826,35397827,35397828,35397829,35397830,35397831,35397832,35397833,35397834,35397835,35397836,35397837,35397838,35397839,35397840,35397841,35397842,35397843,35397844,35397845,35397846,35397847,35397848,35397849,35397850,35397851,35397852,35397853,35397854,35397855,35397856,35397857,35397858,35397859,35397860,35397861,35397862,35397863,35397864,35397865,35397866,35397867,35397868,35397869,35397870,35397871,35397872,35397873,35397874,35397875,35397876,35397877,35397878,35397879,35397880,35397881,35397882,35397883,35397884,35397885,35397886,35397887,35397888,35397889,35397890,35397891,35397892,35397893,35397894,35397895,35397896,35397897,35397898,35397899,35397900,35397901,35397902,35397903,35397904,35397905,35397906,35397907,35397908,35397909,35397910,35397911,35397912,35397913,35397914,35397915,35397916,35397917,35397918,35397919,35397920,35397921,35397922,35397923,35397924,35397925,35397926,35397927,35397928,35397929,35397930,35397931,35397932,35397933,35397934,35397935,35397936,35397937,35397938,35397939,35397940,35397941,35397942,35397943,35397944,35397945,35397946,35397947,35397948,35397949,35397950,35397951,35397952,35397953,35397954,35397955,35397956,35397957,35397958,35397959,35397960,35397961,35397962,35397963,35397964,35397965,35397966,35397967,35397968,35397969,35397970,35397971,35397972,35397973,35397974,35397975,35397976,35397977,35397978,35397979,35397980,35397981,35397982,35397983,35397984,35397985,35397986,35397987,35397988,35397989,35397990,35397991,35397992,35397993,35397994,35397995,35397996,35397997,35397998,35397999,35398000,35398001,35398002,35398003,35398004,35398005,35398006,35398007,35398008,35398009,35398010,35398011,35398012,35398013,35398014,35398015,35398016,35398017,35398018,35398019,35398020,35398021,35398022,35398023,35398024,35398025,35398026,35398027,35398028,35398029,35398030,35398031,35398032,35398033,35398034,35398035,35398036,35398037,35398038,35398039,35398040,35398041,35398042,35398043,35398044,35398045,35398046,35398047,35398048,35398049,35398050,35398051,35398052,35398053,35398054,35398055,35398056,35398057,35398058,35398059,35398060,35398061,35398062,35398063,35398064,35398065,35398066,35398067,35398068,35398069,35398070,35398071,35398072,35398073,35398074,35398075,35398076,35398077,35398078,35398079,35398080,35398081,35398082,35398083,35398084,35398085,35398086,35398087,35398088,35398089,35398090,35398091,35398092,35398093,35398094,35398095,35398096,35398097,35398098,35398099,35398100,35398101,35398102,35398103,35398104,35398105,35398106,35398107,35398108,35398109,35398110,35398111,35398112,35398113,35398114,35398115,35398116,35398117,35398118,35398119,35398120,35398121,35398122,35398123,35398124,35398125,35398126,35398127,35398128,35398129,35398130,35398131,35398132,35398133,35398134,35398135,35398136,35398137,35398138,35398139,35398140,35398141,35398142,35398143,35398144,35398145,35398146,35398147,35398148,35398149,35398150,35398151,35398152,35398153,35398154,35398155,35398156,35398157,35398158,35398159,35398160,35398161,35398162,35398163,35398164,35398165,35398166,35398167,35398168,35398169,35398170,35398171,35398172,35398173,35398174,35398175,35398176,35398177,35398178,35398179,35398180,35398181,35398182,35398183,35398184,35398185,35398186,35398187,35398188,35398189,35398190,35398191,35398192,35398193,35398194,35398195,35398196,35398197,35398198,35398199,35398200,35398201,35398202,35398203,35398204,35398205,35398206,35398207,35398208,35398209,35398210,35398211,35398212,35398213,35398214,35398215,35398216,35398217,35398218,35398219,35398220,35398221,35398222,35398223,35398224,35398225,35398226,35398227,35398228,35398229,35398230,35398231,35398232,35398233,35398234,35398235,35398236,35398237,35398238,35398239,35398240,35398241,35398242,35398243,35398244,35398245,35398246,35398247,35398248,35398249,35398250,35398251,35398252,35398253,35398254,35398255,35398256,35398257,35398258,35398259,35398260,35398261,35398262,35398263,35398264,35398265,35398266,35398267,35398268,35398269,35398270,35398271,35398272,35398273,35398274,35398275,35398276,35398277,35398278,35398279,35398280,35398281,35398282,35398283,35398284,35398285,35398286,35398287,35398288,35398289,35398290,35398291,35398292,35398293,35398294,35398295,35398296,35398297,35398298,35398299,35398300,35398301,35398302,35398303,35398304,35398305,35398306,35398307,35398308,35398309,35398310,35398311,35398312,35398313,35398314,35398315,35398316,35398317,35398318,35398319,35398320,35398321,35398322,35398323,35398324,35398325,35398326,35398327,35398328,35398329,35398330,35398331,35398332,35398333,35398334,35398335,35398336,35398337,35398338,35398339,35398340,35398341,35398342,35398343,35398344,35398345,35398346,35398347,35398348,35398349,35398350,35398351,35398352,35398353,35398354,35398355,35398356,35398357,35398358,35398359,35398360,35398361,35398362,35398363,35398364,35398365,35398366,35398367,35398368,35398369,35398370,35398371,35398372,35398373,35398374,35398375,35398376,35398377,35398378,35398379,35398380,35398381,35398382,35398383,35398384,35398385,35398386,35398387,35398388,35398389,35398390,35398391,35398392,35398393,35398394,35398395,35398396,35398397,35398398,35398399,35398400,35398401,35398402,35398403,35398404,35398405,35398406,35398407,35398408,35398409,35398410,35398411,35398412,35398413,35398414,35398415,35398416,35398417,35398418,35398419,35398420,35398421,35398422,35398423,35398424,35398425,35398426,35398427,35398428,35398429,35398430,35398431,35398432,35398433,35398434,35398435,35398436,35398437,35398438,35398439,35398440,35398441,35398442,35398443,35398444,35398445,35398446,35398447,35398448,35398449,35398450,35398451,35398452,35398453,35398454,35398455,35398456,35398457,35398458,35398459,35398460,35398461,35398462,35398463,35398464,35398465,35398466,35398467,35398468,35398469,35398470,35398471,35398472,35398473,35398474,35398475,35398476,35398477,35398478,35398479,35398480,35398481,35398482,35398483,35398484,35398485,35398486,35398487,35398488,35398489,35398490,35398491,35398492,35398493,35398494,35398495,35398496,35398497,35398498,35398499,35398500,35398501,35398502,35398503,35398504,35398505,35398506,35398507,35398508,35398509,35398510,35398511,35398512,35398513,35398514,35398515,35398516,35398517,35398518,35398519,35398520,35398521,35398522,35398523,35398524,35398525,35398526,35398527,35398528,35398529,35398530,35398531,35398532,35398533,35398534,35398535,35398536,35398537,35398538,35398539,35398540,35398541,35398542,35398543,35398544,35398545,35398546,35398547,35398548,35398549,35398550,35398551,35398552,35398553,35398554,35398555,35398556,35398557,35398558,35398559,35398560,35398561,35398562,35398563,35398564,35398565,35398566,35398567,35398568,35398569,35398570,35398571,35398572,35398573,35398574,35398575,35398576,35398577,35398578,35398579,35398580,35398581,35398582,35398583,35398584,35398585,35398586,35398587,35398588,35398589,35398590,35398591,35398592,35398593,35398594,35398595,35398596,35398597,35398598,35398599,35398600,35398601,35398602,35398603,35398604,35398605,35398606,35398607,35398608,35398609,35398610,35398611,35398612,35398613,35398614,35398615,35398616,35398617,35398618,35398619,35398620,35398621,35398622,35398623,35398624,35398625,35398626,35398627,35398628,35398629,35398630,35398631,35398632,35398633,35398634,35398635,35398636,35398637,35398638,35398639,35398640,35398641,35398642,35398643,35398644,35398645,35398646,35398647,35398648,35398649,35398650,35398651,35398652,35398653,35398654,35398655,35398656,35398657,35398658,35398659,35398660,35398661,35398662,35398663,35398664,35398665,35398666,35398667,35398668,35398669,35398670,35398671,35398672,35398673,35398674,35398675,35398676,35398677,35398678,35398679,35398680,35398681,35398682,35398683,35398684,35398685,35398686,35398687,35398688,35398689,35398690,35398691,35398692,35398693,35398694,35398695,35398696,35398697,35398698,35398699,35398700,35398701,35398702,35398703,35398704,35398705,35398706,35398707,35398708,35398709,35398710,35398711,35398712,35398713,35398714,35398715,35398716,35398717,35398718,35398719,35398720,35398721,35398722,35398723,35398724,35398725,35398726,35398727,35398728,35398729,35398730,35398731,35398732,35398733,35398734,35398735,35398736,35398737,35398738,35398739,35398740,35398741,35398742,35398743,35398744,35398745,35398746,35398747,35398748,35398749,35398750,35398751,35398752,35398753,35398754,35398755,35398756,35398757,35398758,35398759,35398760,35398761,35398762,35398763,35398764,35398765,35398766,35398767,35398768,35398769,35398770,35398771,35398772,35398773,35398774,35398775,35398776,35398777,35398778,35398779,35398780,35398781,35398782,35398783,35398784,35398785,35398786,35398787,35398788,35398789,35398790,35398791,35398792,35398793,35398794,35398795,35398796,35398797,35398798,35398799,35398800,35398801,35398802,35398803,35398804,35398805,35398806,35398807,35398808,35398809,35398810,35398811,35398812,35398813,35398814,35398815,35398816,35398817,35398818,35398819,35398820,35398821,35398822,35398823,35398824,35398825,35398826,35398827,35398828,35398829,35398830,35398831,35398832,35398833,35398834,35398835,35398836,35398837,35398838,35398839,35398840,35398841,35398842,35398843,35398844,35398845,35398846,35398847,35398848,35398849,35398850,35398851,35398852,35398853,35398854,35398855,35398856,35398857,35398858,35398859,35398860,35398861,35398862,35398863,35398864,35398865,35398866,35398867,35398868,35398869,35398870,35398871,35398872,35398873,35398874,35398875,35398876,35398877,35398878,35398879,35398880,35398881,35398882,35398883,35398884,35398885,35398886,35398887,35398888,35398889,35398890,35398891,35398892,35398893,35398894,35398895,35398896,35398897,35398898,35398899,35398900,35398901,35398902,35398903,35398904,35398905,35398906,35398907,35398908,35398909,35398910,35398911,35398912,35398913,35398914,35398915,35398916,35398917,35398918,35398919,35398920,35398921,35398922,35398923,35398924,35398925,35398926,35398927,35398928,35398929,35398930,35398931,35398932,35398933,35398934,35398935,35398936,35398937,35398938,35398939,35398940,35398941,35398942,35398943,35398944,35398945,35398946,35398947,35398948,35398949,35398950,35398951,35398952,35398953,35398954,35398955,35398956,35398957,35398958,35398959,35398960,35398961,35398962,35398963,35398964,35398965,35398966,35398967,35398968,35398969,35398970,35398971,35398972,35398973,35398974,35398975,35398976,35398977,35398978,35398979,35398980,35398981,35398982,35398983,35398984,35398985,35398986,35398987,35398988,35398989,35398990,35398991,35398992,35398993,35398994,35398995,35398996,35398997,35398998,35398999,35399000,35399001,35399002,35399003,35399004,35399005,35399006,35399007,35399008,35399009,35399010,35399011,35399012,35399013,35399014,35399015,35399016,35399017,35399018,35399019,35399020,35399021,35399022,35399023,35399024,35399025,35399026,35399027,35399028,35399029,35399030,35399031,35399032,35399033,35399034,35399035,35399036,35399037,35399038,35399039,35399040,35399041,35399042,35399043,35399044,35399045,35399046,35399047,35399048,35399049,35399050,35399051,35399052,35399053,35399054,35399055,35399056,35399057,35399058,35399059,35399060,35399061,35399062,35399063,35399064,35399065,35399066,35399067,35399068,35399069,35399070,35399071,35399072,35399073,35399074,35399075,35399076,35399077,35399078,35399079,35399080,35399081,35399082,35399083,35399084,35399085,35399086,35399087,35399088,35399089,35399090,35399091,35399092,35399093,35399094,35399095,35399096,35399097,35399098,35399099,35399100,35399101,35399102,35399103,35399104,35399105,35399106,35399107,35399108,35399109,35399110,35399111,35399112,35399113,35399114,35399115,35399116,35399117,35399118,35399119,35399120,35399121,35399122,35399123,35399124,35399125,35399126,35399127,35399128,35399129,35399130,35399131,35399132,35399133,35399134,35399135,35399136,35399137,35399138,35399139,35399140,35399141,35399142,35399143,35399144,35399145,35399146,35399147,35399148,35399149,35399150,35399151,35399152,35399153,35399154,35399155,35399156,35399157,35399158,35399159,35399160,35399161,35399162,35399163,35399164,35399165,35399166,35399167,35399168,35399169,35399170,35399171,35399172,35399173,35399174,35399175,35399176,35399177,35399178,35399179,35399180,35399181,35399182,35399183,35399184,35399185,35399186,35399187,35399188,35399189,35399190,35399191,35399192,35399193,35399194,35399195,35399196,35399197,35399198,35399199,35399200,35399201,35399202,35399203,35399204,35399205,35399206,35399207,35399208,35399209,35399210,35399211,35399212,35399213,35399214,35399215,35399216,35399217,35399218,35399219,35399220,35399221,35399222,35399223,35399224,35399225,35399226,35399227,35399228,35399229,35399230,35399231,35399232,35399233,35399234,35399235,35399236,35399237,35399238,35399239,35399240,35399241,35399242,35399243,35399244,35399245,35399246,35399247,35399248,35399249,35399250,35399251,35399252,35399253,35399254,35399255,35399256,35399257,35399258,35399259,35399260,35399261,35399262,35399263,35399264,35399265,35399266,35399267,35399268,35399269,35399270,35399271,35399272,35399273,35399274,35399275,35399276,35399277,35399278,35399279,35399280,35399281,35399282,35399283,35399284,35399285,35399286,35399287,35399288,35399289,35399290,35399291,35399292,35399293,35399294,35399295,35399296,35399297,35399298,35399299,35399300,35399301,35399302,35399303,35399304,35399305,35399306,35399307,35399308,35399309,35399310,35399311,35399312,35399313,35399314,35399315,35399316,35399317,35399318,35399319,35399320,35399321,35399322,35399323,35399324,35399325,35399326,35399327,35399328,35399329,35399330,35399331,35399332,35399333,35399334,35399335,35399336,35399337,35399338,35399339,35399340,35399341,35399342,35399343,35399344,35399345,35399346,35399347,35399348,35399349,35399350,35399351,35399352,35399353,35399354,35399355,35399356,35399357,35399358,35399359,35399360,35399361,35399362,35399363,35399364,35399365,35399366,35399367,35399368,35399369,35399370,35399371,35399372,35399373,35399374,35399375,35399376,35399377,35399378,35399379,35399380,35399381,35399382,35399383,35399384,35399385,35399386,35399387,35399388,35399389,35399390,35399391,35399392,35399393,35399394,35399395,35399396,35399397,35399398,35399399,35399400,35399401,35399402,35399403,35399404,35399405,35399406,35399407,35399408,35399409,35399410,35399411,35399412,35399413,35399414,35399415,35399416,35399417,35399418,35399419,35399420,35399421,35399422,35399423,35399424,35399425,35399426,35399427,35399428,35399429,35399430,35399431,35399432,35399433,35399434,35399435,35399436,35399437,35399438,35399439,35399440,35399441,35399442,35399443,35399444,35399445,35399446,35399447,35399448,35399449,35399450,35399451,35399452,35399453,35399454,35399455,35399456,35399457,35399458,35399459,35399460,35399461,35399462,35399463,35399464,35399465,35399466,35399467,35399468,35399469,35399470,35399471,35399472,35399473,35399474,35399475,35399476,35399477,35399478,35399479,35399480,35399481,35399482,35399483,35399484,35399485,35399486,35399487,35399488,35399489,35399490,35399491,35399492,35399493,35399494,35399495,35399496,35399497,35399498,35399499,35399500,35399501,35399502,35399503,35399504,35399505,35399506,35399507,35399508,35399509,35399510,35399511,35399512,35399513,35399514,35399515,35399516,35399517,35399518,35399519,35399520,35399521,35399522,35399523,35399524,35399525,35399526,35399527,35399528,35399529,35399530,35399531,35399532,35399533,35399534,35399535,35399536,35399537,35399538,35399539,35399540,35399541,35399542,35399543,35399544,35399545,35399546,35399547,35399548,35399549,35399550,35399551,35399552,35399553,35399554,35399555,35399556,35399557,35399558,35399559,35399560,35399561,35399562,35399563,35399564,35399565,35399566,35399567,35399568,35399569,35399570,35399571,35399572,35399573,35399574,35399575,35399576,35399577,35399578,35399579,35399580,35399581,35399582,35399583,35399584,35399585,35399586,35399587,35399588,35399589,35399590,35399591,35399592,35399593,35399594,35399595,35399596,35399597,35399598,35399599,35399600,35399601,35399602,35399603,35399604,35399605,35399606,35399607,35399608,35399609,35399610,35399611,35399612,35399613,35399614,35399615,35399616,35399617,35399618,35399619,35399620,35399621,35399622,35399623,35399624,35399625,35399626,35399627,35399628,35399629,35399630,35399631,35399632,35399633,35399634,35399635,35399636,35399637,35399638,35399639,35399640,35399641,35399642,35399643,35399644,35399645,35399646,35399647,35399648,35399649,35399650,35399651,35399652,35399653,35399654,35399655,35399656,35399657,35399658,35399659,35399660,35399661,35399662,35399663,35399664,35399665,35399666,35399667,35399668,35399669,35399670,35399671,35399672,35399673,35399674,35399675,35399676,35399677,35399678,35399679,35399680,35399681,35399682,35399683,35399684,35399685,35399686,35399687,35399688,35399689,35399690,35399691,35399692,35399693,35399694,35399695,35399696,35399697,35399698,35399699,35399700,35399701,35399702,35399703,35399704,35399705,35399706,35399707,35399708,35399709,35399710,35399711,35399712,35399713,35399714,35399715,35399716,35399717,35399718,35399719,35399720,35399721,35399722,35399723,35399724,35399725,35399726,35399727,35399728,35399729,35399730,35399731,35399732,35399733,35399734,35399735,35399736,35399737,35399738,35399739,35399740,35399741,35399742,35399743,35399744,35399745,35399746,35399747,35399748,35399749,35399750,35399751,35399752,35399753,35399754,35399755,35399756,35399757,35399758,35399759,35399760,35399761,35399762,35399763,35399764,35399765,35399766,35399767,35399768,35399769,35399770,35399771,35399772,35399773,35399774,35399775,35399776,35399777,35399778,35399779,35399780,35399781,35399782,35399783,35399784,35399785,35399786,35399787,35399788,35399789,35399790,35399791,35399792,35399793,35399794,35399795,35399796,35399797,35399798,35399799,35399800,35399801,35399802,35399803,35399804,35399805,35399806,35399807,35399808,35399809,35399810,35399811,35399812,35399813,35399814,35399815,35399816,35399817,35399818,35399819,35399820,35399821,35399822,35399823,35399824,35399825,35399826,35399827,35399828,35399829,35399830,35399831,35399832,35399833,35399834,35399835,35399836,35399837,35399838,35399839,35399840,35399841,35399842,35399843,35399844,35399845,35399846,35399847,35399848,35399849,35399850,35399851,35399852,35399853,35399854,35399855,35399856,35399857,35399858,35399859,35399860,35399861,35399862,35399863,35399864,35399865,35399866,35399867,35399868,35399869,35399870,35399871,35399872,35399873,35399874,35399875,35399876,35399877,35399878,35399879,35399880,35399881,35399882,35399883,35399884,35399885,35399886,35399887,35399888,35399889,35399890,35399891,35399892,35399893,35399894,35399895,35399896,35399897,35399898,35399899,35399900,35399901,35399902,35399903,35399904,35399905,35399906,35399907,35399908,35399909,35399910,35399911,35399912,35399913,35399914,35399915,35399916,35399917,35399918,35399919,35399920,35399921,35399922,35399923,35399924,35399925,35399926,35399927,35399928,35399929,35399930,35399931,35399932,35399933,35399934,35399935,35399936,35399937,35399938,35399939,35399940,35399941,35399942,35399943,35399944,35399945,35399946,35399947,35399948,35399949,35399950,35399951,35399952,35399953,35399954,35399955,35399956,35399957,35399958,35399959,35399960,35399961,35399962,35399963,35399964,35399965,35399966,35399967,35399968,35399969,35399970,35399971,35399972,35399973,35399974,35399975,35399976,35399977,35399978,35399979,35399980,35399981,35399982,35399983,35399984,35399985,35399986,35399987,35399988,35399989,35399990,35399991,35399992,35399993,35399994,35399995,35399996,35399997,35399998,35399999,35400000,35400001,35400002,35400003,35400004,35400005,35400006,35400007,35400008,35400009,35400010,35400011,35400012,35400013,35400014,35400015,35400016,35400017,35400018,35400019,35400020,35400021,35400022,35400023,35400024,35400025,35400026,35400027,35400028,35400029,35400030,35400031,35400032,35400033,35400034,35400035,35400036,35400037,35400038,35400039,35400040,35400041,35400042,35400043,35400044,35400045,35400046,35400047,35400048,35400049,35400050,35400051,35400052,35400053,35400054,35400055,35400056,35400057,35400058,35400059,35400060,35400061,35400062,35400063,35400064,35400065,35400066,35400067,35400068,35400069,35400070,35400071,35400072,35400073,35400074,35400075,35400076,35400077,35400078,35400079,35400080,35400081,35400082,35400083,35400084,35400085,35400086,35400087,35400088,35400089,35400090,35400091,35400092,35400093,35400094,35400095,35400096,35400097,35400098,35400099,35400100,35400101,35400102,35400103,35400104,35400105,35400106,35400107,35400108,35400109,35400110,35400111,35400112,35400113,35400114,35400115,35400116,35400117,35400118,35400119,35400120,35400121,35400122,35400123,35400124,35400125,35400126,35400127,35400128,35400129,35400130,35400131,35400132,35400133,35400134,35400135,35400136,35400137,35400138,35400139,35400140,35400141,35400142,35400143,35400144,35400145,35400146,35400147,35400148,35400149,35400150,35400151,35400152,35400153,35400154,35400155,35400156,35400157,35400158,35400159,35400160,35400161,35400162,35400163,35400164,35400165,35400166,35400167,35400168,35400169,35400170,35400171,35400172,35400173,35400174,35400175,35400176,35400177,35400178,35400179,35400180,35400181,35400182,35400183,35400184,35400185,35400186,35400187,35400188,35400189,35400190,35400191,35400192,35400193,35400194,35400195,35400196,35400197,35400198,35400199,35400200,35400201,35400202,35400203,35400204,35400205,35400206,35400207,35400208,35400209,35400210,35400211,35400212,35400213,35400214,35400215,35400216,35400217,35400218,35400219,35400220,35400221,35400222,35400223,35400224,35400225,35400226,35400227,35400228,35400229,35400230,35400231,35400232,35400233,35400234,35400235,35400236,35400237,35400238,35400239,35400240,35400241,35400242,35400243,35400244,35400245,35400246,35400247,35400248,35400249,35400250,35400251,35400252,35400253,35400254,35400255,35400256,35400257,35400258,35400259,35400260,35400261,35400262,35400263,35400264,35400265,35400266,35400267,35400268,35400269,35400270,35400271,35400272,35400273,35400274,35400275,35400276,35400277,35400278,35400279,35400280,35400281,35400282,35400283,35400284,35400285,35400286,35400287,35400288,35400289,35400290,35400291,35400292,35400293,35400294,35400295,35400296,35400297,35400298,35400299,35400300,35400301,35400302,35400303,35400304,35400305,35400306,35400307,35400308,35400309,35400310,35400311,35400312,35400313,35400314,35400315,35400316,35400317,35400318,35400319,35400320,35400321,35400322,35400323,35400324,35400325,35400326,35400327,35400328,35400329,35400330,35400331,35400332,35400333,35400334,35400335,35400336,35400337,35400338,35400339,35400340,35400341,35400342,35400343,35400344,35400345,35400346,35400347,35400348,35400349,35400350,35400351,35400352,35400353,35400354,35400355,35400356,35400357,35400358,35400359,35400360,35400361,35400362,35400363,35400364,35400365,35400366,35400367,35400368,35400369,35400370,35400371,35400372,35400373,35400374,35400375,35400376,35400377,35400378,35400379,35400380,35400381,35400382,35400383,35400384,35400385,35400386,35400387,35400388,35400389,35400390,35400391,35400392,35400393,35400394,35400395,35400396,35400397,35400398,35400399,35400400,35400401,35400402,35400403,35400404,35400405,35400406,35400407,35400408,35400409,35400410,35400411,35400412,35400413,35400414,35400415,35400416,35400417,35400418,35400419,35400420,35400421,35400422,35400423,35400424,35400425,35400426,35400427,35400428,35400429,35400430,35400431,35400432,35400433,35400434,35400435,35400436,35400437,35400438,35400439,35400440,35400441,35400442,35400443,35400444,35400445,35400446,35400447,35400448,35400449,35400450,35400451,35400452,35400453,35400454,35400455,35400456,35400457,35400458,35400459,35400460,35400461,35400462,35400463,35400464,35400465,35400466,35400467,35400468,35400469,35400470,35400471,35400472,35400473,35400474,35400475,35400476,35400477,35400478,35400479,35400480,35400481,35400482,35400483,35400484,35400485,35400486,35400487,35400488,35400489,35400490,35400491,35400492,35400493,35400494,35400495,35400496,35400497,35400498,35400499,35400500,35400501,35400502,35400503,35400504,35400505,35400506,35400507,35400508,35400509,35400510,35400511,35400512,35400513,35400514,35400515,35400516,35400517,35400518,35400519,35400520,35400521,35400522,35400523,35400524,35400525,35400526,35400527,35400528,35400529,35400530,35400531,35400532,35400533,35400534,35400535,35400536,35400537,35400538,35400539,35400540,35400541,35400542,35400543,35400544,35400545,35400546,35400547,35400548,35400549,35400550,35400551,35400552,35400553,35400554,35400555,35400556,35400557,35400558,35400559,35400560,35400561,35400562,35400563,35400564,35400565,35400566,35400567,35400568,35400569,35400570,35400571,35400572,35400573,35400574,35400575,35400576,35400577,35400578,35400579,35400580,35400581,35400582,35400583,35400584,35400585,35400586,35400587,35400588,35400589,35400590,35400591,35400592,35400593,35400594,35400595,35400596,35400597,35400598,35400599,35400600,35400601,35400602,35400603,35400604,35400605,35400606,35400607,35400608,35400609,35400610,35400611,35400612,35400613,35400614,35400615,35400616,35400617,35400618,35400619,35400620,35400621,35400622,35400623,35400624,35400625,35400626,35400627,35400628,35400629,35400630,35400631,35400632,35400633,35400634,35400635,35400636,35400637,35400638,35400639,35400640,35400641,35400642,35400643,35400644,35400645,35400646,35400647,35400648,35400649,35400650,35400651,35400652,35400653,35400654,35400655,35400656,35400657,35400658,35400659,35400660,35400661,35400662,35400663,35400664,35400665,35400666,35400667,35400668,35400669,35400670,35400671,35400672,35400673,35400674,35400675,35400676,35400677,35400678,35400679,35400680,35400681,35400682,35400683,35400684,35400685,35400686,35400687,35400688,35400689,35400690,35400691,35400692,35400693,35400694,35400695,35400696,35400697,35400698,35400699,35400700,35400701,35400702,35400703,35400704,35400705,35400706,35400707,35400708,35400709,35400710,35400711,35400712,35400713,35400714,35400715,35400716,35400717,35400718,35400719,35400720,35400721,35400722,35400723,35400724,35400725,35400726,35400727,35400728,35400729,35400730,35400731,35400732,35400733,35400734,35400735,35400736,35400737,35400738,35400739,35400740,35400741,35400742,35400743,35400744,35400745,35400746,35400747,35400748,35400749,35400750,35400751,35400752,35400753,35400754,35400755,35400756,35400757,35400758,35400759,35400760,35400761,35400762,35400763,35400764,35400765,35400766,35400767,35400768,35400769,35400770,35400771,35400772,35400773,35400774,35400775,35400776,35400777,35400778,35400779,35400780,35400781,35400782,35400783,35400784,35400785,35400786,35400787,35400788,35400789,35400790,35400791,35400792,35400793,35400794,35400795,35400796,35400797,35400798,35400799,35400800,35400801,35400802,35400803,35400804,35400805,35400806,35400807,35400808,35400809,35400810,35400811,35400812,35400813,35400814,35400815,35400816,35400817,35400818,35400819,35400820,35400821,35400822,35400823,35400824,35400825,35400826,35400827,35400828,35400829,35400830,35400831,35400832,35400833,35400834,35400835,35400836,35400837,35400838,35400839,35400840,35400841,35400842,35400843,35400844,35400845,35400846,35400847,35400848,35400849,35400850,35400851,35400852,35400853,35400854,35400855,35400856,35400857,35400858,35400859,35400860,35400861,35400862,35400863,35400864,35400865,35400866,35400867,35400868,35400869,35400870,35400871,35400872,35400873,35400874,35400875,35400876,35400877,35400878,35400879,35400880,35400881,35400882,35400883,35400884,35400885,35400886,35400887,35400888,35400889,35400890,35400891,35400892,35400893,35400894,35400895,35400896,35400897,35400898,35400899,35400900,35400901,35400902,35400903,35400904,35400905,35400906,35400907,35400908,35400909,35400910,35400911,35400912,35400913,35400914,35400915,35400916,35400917,35400918,35400919,35400920,35400921,35400922,35400923,35400924,35400925,35400926,35400927,35400928,35400929,35400930,35400931,35400932,35400933,35400934,35400935,35400936,35400937,35400938,35400939,35400940,35400941,35400942,35400943,35400944,35400945,35400946,35400947,35400948,35400949,35400950,35400951,35400952,35400953,35400954,35400955,35400956,35400957,35400958,35400959,35400960,35400961,35400962,35400963,35400964,35400965,35400966,35400967,35400968,35400969,35400970,35400971,35400972,35400973,35400974,35400975,35400976,35400977,35400978,35400979,35400980,35400981,35400982,35400983,35400984,35400985,35400986,35400987,35400988,35400989,35400990,35400991,35400992,35400993,35400994,35400995,35400996,35400997,35400998,35400999,35401000,35401001,35401002,35401003,35401004,35401005,35401006,35401007,35401008,35401009,35401010,35401011,35401012,35401013,35401014,35401015,35401016,35401017,35401018,35401019,35401020,35401021,35401022,35401023,35401024,35401025,35401026,35401027,35401028,35401029,35401030,35401031,35401032,35401033,35401034,35401035,35401036,35401037,35401038,35401039,35401040,35401041,35401042,35401043,35401044,35401045,35401046,35401047,35401048,35401049,35401050,35401051,35401052,35401053,35401054,35401055,35401056,35401057,35401058,35401059,35401060,35401061,35401062,35401063,35401064,35401065,35401066,35401067,35401068,35401069,35401070,35401071,35401072,35401073,35401074,35401075,35401076,35401077,35401078,35401079,35401080,35401081,35401082,35401083,35401084,35401085,35401086,35401087,35401088,35401089,35401090,35401091,35401092,35401093,35401094,35401095,35401096,35401097,35401098,35401099,35401100,35401101,35401102,35401103,35401104,35401105,35401106,35401107,35401108,35401109,35401110,35401111,35401112,35401113,35401114,35401115,35401116,35401117,35401118,35401119,35401120,35401121,35401122,35401123,35401124,35401125,35401126,35401127,35401128,35401129,35401130,35401131,35401132,35401133,35401134,35401135,35401136,35401137,35401138,35401139,35401140,35401141,35401142,35401143,35401144,35401145,35401146,35401147,35401148,35401149,35401150,35401151,35401152,35401153,35401154,35401155,35401156,35401157,35401158,35401159,35401160,35401161,35401162,35401163,35401164,35401165,35401166,35401167,35401168,35401169,35401170,35401171,35401172,35401173,35401174,35401175,35401176,35401177,35401178,35401179,35401180,35401181,35401182,35401183,35401184,35401185,35401186,35401187,35401188,35401189,35401190,35401191,35401192,35401193,35401194,35401195,35401196,35401197,35401198,35401199,35401200,35401201,35401202,35401203,35401204,35401205,35401206,35401207,35401208,35401209,35401210,35401211,35401212,35401213,35401214,35401215,35401216,35401217,35401218,35401219,35401220,35401221,35401222,35401223,35401224,35401225,35401226,35401227,35401228,35401229,35401230,35401231,35401232,35401233,35401234,35401235,35401236,35401237,35401238,35401239,35401240,35401241,35401242,35401243,35401244,35401245,35401246,35401247,35401248,35401249,35401250,35401251,35401252,35401253,35401254,35401255,35401256,35401257,35401258,35401259,35401260,35401261,35401262,35401263,35401264,35401265,35401266,35401267,35401268,35401269,35401270,35401271,35401272,35401273,35401274,35401275,35401276,35401277,35401278,35401279,35401280,35401281,35401282,35401283,35401284,35401285,35401286,35401287,35401288,35401289,35401290,35401291,35401292,35401293,35401294,35401295,35401296,35401297,35401298,35401299,35401300,35401301,35401302,35401303,35401304,35401305,35401306,35401307,35401308,35401309,35401310,35401311,35401312,35401313,35401314,35401315,35401316,35401317,35401318,35401319,35401320,35401321,35401322,35401323,35401324,35401325,35401326,35401327,35401328,35401329,35401330,35401331,35401332,35401333,35401334,35401335,35401336,35401337,35401338,35401339,35401340,35401341,35401342,35401343,35401344,35401345,35401346,35401347,35401348,35401349,35401350,35401351,35401352,35401353,35401354,35401355,35401356,35401357,35401358,35401359,35401360,35401361,35401362,35401363,35401364,35401365,35401366,35401367,35401368,35401369,35401370,35401371,35401372,35401373,35401374,35401375,35401376,35401377,35401378,35401379,35401380,35401381,35401382,35401383,35401384,35401385,35401386,35401387,35401388,35401389,35401390,35401391,35401392,35401393,35401394,35401395,35401396,35401397,35401398,35401399,35401400,35401401,35401402,35401403,35401404,35401405,35401406,35401407,35401408,35401409,35401410,35401411,35401412,35401413,35401414,35401415,35401416,35401417,35401418,35401419,35401420,35401421,35401422,35401423,35401424,35401425,35401426,35401427,35401428,35401429,35401430,35401431,35401432,35401433,35401434,35401435,35401436,35401437,35401438,35401439,35401440,35401441,35401442,35401443,35401444,35401445,35401446,35401447,35401448,35401449,35401450,35401451,35401452,35401453,35401454,35401455,35401456,35401457,35401458,35401459,35401460,35401461,35401462,35401463,35401464,35401465,35401466,35401467,35401468,35401469,35401470,35401471,35401472,35401473,35401474,35401475,35401476,35401477,35401478,35401479,35401480,35401481,35401482,35401483,35401484,35401485,35401486,35401487,35401488,35401489,35401490,35401491,35401492,35401493,35401494,35401495,35401496,35401497,35401498,35401499,35401500,35401501,35401502,35401503,35401504,35401505,35401506,35401507,35401508,35401509,35401510,35401511,35401512,35401513,35401514,35401515,35401516,35401517,35401518,35401519,35401520,35401521,35401522,35401523,35401524,35401525,35401526,35401527,35401528,35401529,35401530,35401531,35401532,35401533,35401534,35401535,35401536,35401537,35401538,35401539,35401540,35401541,35401542,35401543,35401544,35401545,35401546,35401547,35401548,35401549,35401550,35401551,35401552,35401553,35401554,35401555,35401556,35401557,35401558,35401559,35401560,35401561,35401562,35401563,35401564,35401565,35401566,35401567,35401568,35401569,35401570,35401571,35401572,35401573,35401574,35401575,35401576,35401577,35401578,35401579,35401580,35401581,35401582,35401583,35401584,35401585,35401586,35401587,35401588,35401589,35401590,35401591,35401592,35401593,35401594,35401595,35401596,35401597,35401598,35401599,35401600,35401601,35401602,35401603,35401604,35401605,35401606,35401607,35401608,35401609,35401610,35401611,35401612,35401613,35401614,35401615,35401616,35401617,35401618,35401619,35401620,35401621,35401622,35401623,35401624,35401625,35401626,35401627,35401628,35401629,35401630,35401631,35401632,35401633,35401634,35401635,35401636,35401637,35401638,35401639,35401640,35401641,35401642,35401643,35401644,35401645,35401646,35401647,35401648,35401649,35401650,35401651,35401652,35401653,35401654,35401655,35401656,35401657,35401658,35401659,35401660,35401661,35401662,35401663,35401664,35401665,35401666,35401667,35401668,35401669,35401670,35401671,35401672,35401673,35401674,35401675,35401676,35401677,35401678,35401679,35401680,35401681,35401682,35401683,35401684,35401685,35401686,35401687,35401688,35401689,35401690,35401691,35401692,35401693,35401694,35401695,35401696,35401697,35401698,35401699,35401700,35401701,35401702,35401703,35401704,35401705,35401706,35401707,35401708,35401709,35401710,35401711,35401712,35401713,35401714,35401715,35401716,35401717,35401718,35401719,35401720,35401721,35401722,35401723,35401724,35401725,35401726,35401727,35401728,35401729,35401730,35401731,35401732,35401733,35401734,35401735,35401736,35401737,35401738,35401739,35401740,35401741,35401742,35401743,35401744,35401745,35401746,35401747,35401748,35401749,35401750,35401751,35401752,35401753,35401754,35401755,35401756,35401757,35401758,35401759,35401760,35401761,35401762,35401763,35401764,35401765,35401766,35401767,35401768,35401769,35401770,35401771,35401772,35401773,35401774,35401775,35401776,35401777,35401778,35401779,35401780,35401781,35401782,35401783,35401784,35401785,35401786,35401787,35401788,35401789,35401790,35401791,35401792,35401793,35401794,35401795,35401796,35401797,35401798,35401799,35401800,35401801,35401802,35401803,35401804,35401805,35401806,35401807,35401808,35401809,35401810,35401811,35401812,35401813,35401814,35401815,35401816,35401817,35401818,35401819,35401820,35401821,35401822,35401823,35401824,35401825,35401826,35401827,35401828,35401829,35401830,35401831,35401832,35401833,35401834,35401835,35401836,35401837,35401838,35401839,35401840,35401841,35401842,35401843,35401844,35401845,35401846,35401847,35401848,35401849,35401850,35401851,35401852,35401853,35401854,35401855,35401856,35401857,35401858,35401859,35401860,35401861,35401862,35401863,35401864,35401865,35401866,35401867,35401868,35401869,35401870,35401871,35401872,35401873,35401874,35401875,35401876,35401877,35401878,35401879,35401880,35401881,35401882,35401883,35401884,35401885,35401886,35401887,35401888,35401889,35401890,35401891,35401892,35401893,35401894,35401895,35401896,35401897,35401898,35401899,35401900,35401901,35401902,35401903,35401904,35401905,35401906,35401907,35401908,35401909,35401910,35401911,35401912,35401913,35401914,35401915,35401916,35401917,35401918,35401919,35401920,35401921,35401922,35401923,35401924,35401925,35401926,35401927,35401928,35401929,35401930,35401931,35401932,35401933,35401934,35401935,35401936,35401937,35401938,35401939,35401940,35401941,35401942,35401943,35401944,35401945,35401946,35401947,35401948,35401949,35401950,35401951,35401952,35401953,35401954,35401955,35401956,35401957,35401958,35401959,35401960,35401961,35401962,35401963,35401964,35401965,35401966,35401967,35401968,35401969,35401970,35401971,35401972,35401973,35401974,35401975,35401976,35401977,35401978,35401979,35401980,35401981,35401982,35401983,35401984,35401985,35401986,35401987,35401988,35401989,35401990,35401991,35401992,35401993,35401994,35401995,35401996,35401997,35401998,35401999,35402000,35402001,35402002,35402003,35402004,35402005,35402006,35402007,35402008,35402009,35402010,35402011,35402012,35402013,35402014,35402015,35402016,35402017,35402018,35402019,35402020,35402021,35402022,35402023,35402024,35402025,35402026,35402027,35402028,35402029,35402030,35402031,35402032,35402033,35402034,35402035,35402036,35402037,35402038,35402039,35402040,35402041,35402042,35402043,35402044,35402045,35402046,35402047,35402048,35402049,35402050,35402051,35402052,35402053,35402054,35402055,35402056,35402057,35402058,35402059,35402060,35402061,35402062,35402063,35402064,35402065,35402066,35402067,35402068,35402069,35402070,35402071,35402072,35402073,35402074,35402075,35402076,35402077,35402078,35402079,35402080,35402081,35402082,35402083,35402084,35402085,35402086,35402087,35402088,35402089,35402090,35402091,35402092,35402093,35402094,35402095,35402096,35402097,35402098,35402099,35402100,35402101,35402102,35402103,35402104,35402105,35402106,35402107,35402108,35402109,35402110,35402111,35402112,35402113,35402114,35402115,35402116,35402117,35402118,35402119,35402120,35402121,35402122,35402123,35402124,35402125,35402126,35402127,35402128,35402129,35402130,35402131,35402132,35402133,35402134,35402135,35402136,35402137,35402138,35402139,35402140,35402141,35402142,35402143,35402144,35402145,35402146,35402147,35402148,35402149,35402150,35402151,35402152,35402153,35402154,35402155,35402156,35402157,35402158,35402159,35402160,35402161,35402162,35402163,35402164,35402165,35402166,35402167,35402168,35402169,35402170,35402171,35402172,35402173,35402174,35402175,35402176,35402177,35402178,35402179,35402180,35402181,35402182,35402183,35402184,35402185,35402186,35402187,35402188,35402189,35402190,35402191,35402192,35402193,35402194,35402195,35402196,35402197,35402198,35402199,35402200,35402201,35402202,35402203,35402204,35402205,35402206,35402207,35402208,35402209,35402210,35402211,35402212,35402213,35402214,35402215,35402216,35402217,35402218,35402219,35402220,35402221,35402222,35402223,35402224,35402225,35402226,35402227,35402228,35402229,35402230,35402231,35402232,35402233,35402234,35402235,35402236,35402237,35402238,35402239,35402240,35402241,35402242,35402243,35402244,35402245,35402246,35402247,35402248,35402249,35402250,35402251,35402252,35402253,35402254,35402255,35402256,35402257,35402258,35402259,35402260,35402261,35402262,35402263,35402264,35402265,35402266,35402267,35402268,35402269,35402270,35402271,35402272,35402273,35402274,35402275,35402276,35402277,35402278,35402279,35402280,35402281,35402282,35402283,35402284,35402285,35402286,35402287,35402288,35402289,35402290,35402291,35402292,35402293,35402294,35402295,35402296,35402297,35402298,35402299,35402300,35402301,35402302,35402303,35402304,35402305,35402306,35402307,35402308,35402309,35402310,35402311,35402312,35402313,35402314,35402315,35402316,35402317,35402318,35402319,35402320,35402321,35402322,35402323,35402324,35402325,35402326,35402327,35402328,35402329,35402330,35402331,35402332,35402333,35402334,35402335,35402336,35402337,35402338,35402339,35402340,35402341,35402342,35402343,35402344,35402345,35402346,35402347,35402348,35402349,35402350,35402351,35402352,35402353,35402354,35402355,35402356,35402357,35402358,35402359,35402360,35402361,35402362,35402363,35402364,35402365,35402366,35402367,35402368,35402369,35402370,35402371,35402372,35402373,35402374,35402375,35402376,35402377,35402378,35402379,35402380,35402381,35402382,35402383,35402384,35402385,35402386,35402387,35402388,35402389,35402390,35402391,35402392,35402393,35402394,35402395,35402396,35402397,35402398,35402399,35402400,35402401,35402402,35402403,35402404,35402405,35402406,35402407,35402408,35402409,35402410,35402411,35402412,35402413,35402414,35402415,35402416,35402417,35402418,35402419,35402420,35402421,35402422,35402423,35402424,35402425,35402426,35402427,35402428,35402429,35402430,35402431,35402432,35402433,35402434,35402435,35402436,35402437,35402438,35402439,35402440,35402441,35402442,35402443,35402444,35402445,35402446,35402447,35402448,35402449,35402450,35402451,35402452,35402453,35402454,35402455,35402456,35402457,35402458,35402459,35402460,35402461,35402462,35402463,35402464,35402465,35402466,35402467,35402468,35402469,35402470,35402471,35402472,35402473,35402474,35402475,35402476,35402477,35402478,35402479,35402480,35402481,35402482,35402483,35402484,35402485,35402486,35402487,35402488,35402489,35402490,35402491,35402492,35402493,35402494,35402495,35402496,35402497,35402498,35402499,35402500,35402501,35402502,35402503,35402504,35402505,35402506,35402507,35402508,35402509,35402510,35402511,35402512,35402513,35402514,35402515,35402516,35402517,35402518,35402519,35402520,35402521,35402522,35402523,35402524,35402525,35402526,35402527,35402528,35402529,35402530,35402531,35402532,35402533,35402534,35402535,35402536,35402537,35402538,35402539,35402540,35402541,35402542,35402543,35402544,35402545,35402546,35402547,35402548,35402549,35402550,35402551,35402552,35402553,35402554,35402555,35402556,35402557,35402558,35402559,35402560,35402561,35402562,35402563,35402564,35402565,35402566,35402567,35402568,35402569,35402570,35402571,35402572,35402573,35402574,35402575,35402576,35402577,35402578,35402579,35402580,35402581,35402582,35402583,35402584,35402585,35402586,35402587,35402588,35402589,35402590,35402591,35402592,35402593,35402594,35402595,35402596,35402597,35402598,35402599,35402600,35402601,35402602,35402603,35402604,35402605,35402606,35402607,35402608,35402609,35402610,35402611,35402612,35402613,35402614,35402615,35402616,35402617,35402618,35402619,35402620,35402621,35402622,35402623,35402624,35402625,35402626,35402627,35402628,35402629,35402630,35402631,35402632,35402633,35402634,35402635,35402636,35402637,35402638,35402639,35402640,35402641,35402642,35402643,35402644,35402645,35402646,35402647,35402648,35402649,35402650,35402651,35402652,35402653,35402654,35402655,35402656,35402657,35402658,35402659,35402660,35402661,35402662,35402663,35402664,35402665,35402666,35402667,35402668,35402669,35402670,35402671,35402672,35402673,35402674,35402675,35402676,35402677,35402678,35402679,35402680,35402681,35402682,35402683,35402684,35402685,35402686,35402687,35402688,35402689,35402690,35402691,35402692,35402693,35402694,35402695,35402696,35402697,35402698,35402699,35402700,35402701,35402702,35402703,35402704,35402705,35402706,35402707,35402708,35402709,35402710,35402711,35402712,35402713,35402714,35402715,35402716,35402717,35402718,35402719,35402720,35402721,35402722,35402723,35402724,35402725,35402726,35402727,35402728,35402729,35402730,35402731,35402732,35402733,35402734,35402735,35402736,35402737,35402738,35402739,35402740,35402741,35402742,35402743,35402744,35402745,35402746,35402747,35402748,35402749,35402750,35402751,35402752,35402753,35402754,35402755,35402756,35402757,35402758,35402759,35402760,35402761,35402762,35402763,35402764,35402765,35402766,35402767,35402768,35402769,35402770,35402771,35402772,35402773,35402774,35402775,35402776,35402777,35402778,35402779,35402780,35402781,35402782,35402783,35402784,35402785,35402786,35402787,35402788,35402789,35402790,35402791,35402792,35402793,35402794,35402795,35402796,35402797,35402798,35402799,35402800,35402801,35402802,35402803,35402804,35402805,35402806,35402807,35402808,35402809,35402810,35402811,35402812,35402813,35402814,35402815,35402816,35402817,35402818,35402819,35402820,35402821,35402822,35402823,35402824,35402825,35402826,35402827,35402828,35402829,35402830,35402831,35402832,35402833,35402834,35402835,35402836,35402837,35402838,35402839,35402840,35402841,35402842,35402843,35402844,35402845,35402846,35402847,35402848,35402849,35402850,35402851,35402852,35402853,35402854,35402855,35402856,35402857,35402858,35402859,35402860,35402861,35402862,35402863,35402864,35402865,35402866,35402867,35402868,35402869,35402870,35402871,35402872,35402873,35402874,35402875,35402876,35402877,35402878,35402879,35402880,35402881,35402882,35402883,35402884,35402885,35402886,35402887,35402888,35402889,35402890,35402891,35402892,35402893,35402894,35402895,35402896,35402897,35402898,35402899,35402900,35402901,35402902,35402903,35402904,35402905,35402906,35402907,35402908,35402909,35402910,35402911,35402912,35402913,35402914,35402915,35402916,35402917,35402918,35402919,35402920,35402921,35402922,35402923,35402924,35402925,35402926,35402927,35402928,35402929,35402930,35402931,35402932,35402933,35402934,35402935,35402936,35402937,35402938,35402939,35402940,35402941,35402942,35402943,35402944,35402945,35402946,35402947,35402948,35402949,35402950,35402951,35402952,35402953,35402954,35402955,35402956,35402957,35402958,35402959,35402960,35402961,35402962,35402963,35402964,35402965,35402966,35402967,35402968,35402969,35402970,35402971,35402972,35402973,35402974,35402975,35402976,35402977,35402978,35402979,35402980,35402981,35402982,35402983,35402984,35402985,35402986,35402987,35402988,35402989,35402990,35402991,35402992,35402993,35402994,35402995,35402996,35402997,35402998,35402999,35403000,35403001,35403002,35403003,35403004,35403005,35403006,35403007,35403008,35403009,35403010,35403011,35403012,35403013,35403014,35403015,35403016,35403017,35403018,35403019,35403020,35403021,35403022,35403023,35403024,35403025,35403026,35403027,35403028,35403029,35403030,35403031,35403032,35403033,35403034,35403035,35403036,35403037,35403038,35403039,35403040,35403041,35403042,35403043,35403044,35403045,35403046,35403047,35403048,35403049,35403050,35403051,35403052,35403053,35403054,35403055,35403056,35403057,35403058,35403059,35403060,35403061,35403062,35403063,35403064,35403065,35403066,35403067,35403068,35403069,35403070,35403071,35403072,35403073,35403074,35403075,35403076,35403077,35403078,35403079,35403080,35403081,35403082,35403083,35403084,35403085,35403086,35403087,35403088,35403089,35403090,35403091,35403092,35403093,35403094,35403095,35403096,35403097,35403098,35403099,35403100,35403101,35403102,35403103,35403104,35403105,35403106,35403107,35403108,35403109,35403110,35403111,35403112,35403113,35403114,35403115,35403116,35403117,35403118,35403119,35403120,35403121,35403122,35403123,35403124,35403125,35403126,35403127,35403128,35403129,35403130,35403131,35403132,35403133,35403134,35403135,35403136,35403137,35403138,35403139,35403140,35403141,35403142,35403143,35403144,35403145,35403146,35403147,35403148,35403149,35403150,35403151,35403152,35403153,35403154,35403155,35403156,35403157,35403158,35403159,35403160,35403161,35403162,35403163,35403164,35403165,35403166,35403167,35403168,35403169,35403170,35403171,35403172,35403173,35403174,35403175,35403176,35403177,35403178,35403179,35403180,35403181,35403182,35403183,35403184,35403185,35403186,35403187,35403188,35403189,35403190,35403191,35403192,35403193,35403194,35403195,35403196,35403197,35403198,35403199,35403200,35403201,35403202,35403203,35403204,35403205,35403206,35403207,35403208,35403209,35403210,35403211,35403212,35403213,35403214,35403215,35403216,35403217,35403218,35403219,35403220,35403221,35403222,35403223,35403224,35403225,35403226,35403227,35403228,35403229,35403230,35403231,35403232,35403233,35403234,35403235,35403236,35403237,35403238,35403239,35403240,35403241,35403242,35403243,35403244,35403245,35403246,35403247,35403248,35403249,35403250,35403251,35403252,35403253,35403254,35403255,35403256,35403257,35403258,35403259,35403260,35403261,35403262,35403263,35403264,35403265,35403266,35403267,35403268,35403269,35403270,35403271,35403272,35403273,35403274,35403275,35403276,35403277,35403278,35403279,35403280,35403281,35403282,35403283,35403284,35403285,35403286,35403287,35403288,35403289,35403290,35403291,35403292,35403293,35403294,35403295,35403296,35403297,35403298,35403299,35403300,35403301,35403302,35403303,35403304,35403305,35403306,35403307,35403308,35403309,35403310,35403311,35403312,35403313,35403314,35403315,35403316,35403317,35403318,35403319,35403320,35403321,35403322,35403323,35403324,35403325,35403326,35403327,35403328,35403329,35403330,35403331,35403332,35403333,35403334,35403335,35403336,35403337,35403338,35403339,35403340,35403341,35403342,35403343,35403344,35403345,35403346,35403347,35403348,35403349,35403350,35403351,35403352,35403353,35403354,35403355,35403356,35403357,35403358,35403359,35403360,35403361,35403362,35403363,35403364,35403365,35403366,35403367,35403368,35403369,35403370,35403371,35403372,35403373,35403374,35403375,35403376,35403377,35403378,35403379,35403380,35403381,35403382,35403383,35403384,35403385,35403386,35403387,35403388,35403389,35403390,35403391,35403392,35403393,35403394,35403395,35403396,35403397,35403398,35403399,35403400,35403401,35403402,35403403,35403404,35403405,35403406,35403407,35403408,35403409,35403410,35403411,35403412,35403413,35403414,35403415,35403416,35403417,35403418,35403419,35403420,35403421,35403422,35403423,35403424,35403425,35403426,35403427,35403428,35403429,35403430,35403431,35403432,35403433,35403434,35403435,35403436,35403437,35403438,35403439,35403440,35403441,35403442,35403443,35403444,35403445,35403446,35403447,35403448,35403449,35403450,35403451,35403452,35403453,35403454,35403455,35403456,35403457,35403458,35403459,35403460,35403461,35403462,35403463,35403464,35403465,35403466,35403467,35403468,35403469,35403470,35403471,35403472,35403473,35403474,35403475,35403476,35403477,35403478,35403479,35403480,35403481,35403482,35403483,35403484,35403485,35403486,35403487,35403488,35403489,35403490,35403491,35403492,35403493,35403494,35403495,35403496,35403497,35403498,35403499,35403500,35403501,35403502,35403503,35403504,35403505,35403506,35403507,35403508,35403509,35403510,35403511,35403512,35403513,35403514,35403515,35403516,35403517,35403518,35403519,35403520,35403521,35403522,35403523,35403524,35403525,35403526,35403527,35403528,35403529,35403530,35403531,35403532,35403533,35403534,35403535,35403536,35403537,35403538,35403539,35403540,35403541,35403542,35403543,35403544,35403545,35403546,35403547,35403548,35403549,35403550,35403551,35403552,35403553,35403554,35403555,35403556,35403557,35403558,35403559,35403560,35403561,35403562,35403563,35403564,35403565,35403566,35403567,35403568,35403569,35403570,35403571,35403572,35403573,35403574,35403575,35403576,35403577,35403578,35403579,35403580,35403581,35403582,35403583,35403584,35403585,35403586,35403587,35403588,35403589,35403590,35403591,35403592,35403593,35403594,35403595,35403596,35403597,35403598,35403599,35403600,35403601,35403602,35403603,35403604,35403605,35403606,35403607,35403608,35403609,35403610,35403611,35403612,35403613,35403614,35403615,35403616,35403617,35403618,35403619,35403620,35403621,35403622,35403623,35403624,35403625,35403626,35403627,35403628,35403629,35403630,35403631,35403632,35403633,35403634,35403635,35403636,35403637,35403638,35403639,35403640,35403641,35403642,35403643,35403644,35403645,35403646,35403647,35403648,35403649,35403650,35403651,35403652,35403653,35403654,35403655,35403656,35403657,35403658,35403659,35403660,35403661,35403662,35403663,35403664,35403665,35403666,35403667,35403668,35403669,35403670,35403671,35403672,35403673,35403674,35403675,35403676,35403677,35403678,35403679,35403680,35403681,35403682,35403683,35403684,35403685,35403686,35403687,35403688,35403689,35403690,35403691,35403692,35403693,35403694,35403695,35403696,35403697,35403698,35403699,35403700,35403701,35403702,35403703,35403704,35403705,35403706,35403707,35403708,35403709,35403710,35403711,35403712,35403713,35403714,35403715,35403716,35403717,35403718,35403719,35403720,35403721,35403722,35403723,35403724,35403725,35403726,35403727,35403728,35403729,35403730,35403731,35403732,35403733,35403734,35403735,35403736,35403737,35403738,35403739,35403740,35403741,35403742,35403743,35403744,35403745,35403746,35403747,35403748,35403749,35403750,35403751,35403752,35403753,35403754,35403755,35403756,35403757,35403758,35403759,35403760,35403761,35403762,35403763,35403764,35403765,35403766,35403767,35403768,35403769,35403770,35403771,35403772,35403773,35403774,35403775,35403776,35403777,35403778,35403779,35403780,35403781,35403782,35403783,35403784,35403785,35403786,35403787,35403788,35403789,35403790,35403791,35403792,35403793,35403794,35403795,35403796,35403797,35403798,35403799,35403800,35403801,35403802,35403803,35403804,35403805,35403806,35403807,35403808,35403809,35403810,35403811,35403812,35403813,35403814,35403815,35403816,35403817,35403818,35403819,35403820,35403821,35403822,35403823,35403824,35403825,35403826,35403827,35403828,35403829,35403830,35403831,35403832,35403833,35403834,35403835,35403836,35403837,35403838,35403839,35403840,35403841,35403842,35403843,35403844,35403845,35403846,35403847,35403848,35403849,35403850,35403851,35403852,35403853,35403854,35403855,35403856,35403857,35403858,35403859,35403860,35403861,35403862,35403863,35403864,35403865,35403866,35403867,35403868,35403869,35403870,35403871,35403872,35403873,35403874,35403875,35403876,35403877,35403878,35403879,35403880,35403881,35403882,35403883,35403884,35403885,35403886,35403887,35403888,35403889,35403890,35403891,35403892,35403893,35403894,35403895,35403896,35403897,35403898,35403899,35403900,35403901,35403902,35403903,35403904,35403905,35403906,35403907,35403908,35403909,35403910,35403911,35403912,35403913,35403914,35403915,35403916,35403917,35403918,35403919,35403920,35403921,35403922,35403923,35403924,35403925,35403926,35403927,35403928,35403929,35403930,35403931,35403932,35403933,35403934,35403935,35403936,35403937,35403938,35403939,35403940,35403941,35403942,35403943,35403944,35403945,35403946,35403947,35403948,35403949,35403950,35403951,35403952,35403953,35403954,35403955,35403956,35403957,35403958,35403959,35403960,35403961,35403962,35403963,35403964,35403965,35403966,35403967,35403968,35403969,35403970,35403971,35403972,35403973,35403974,35403975,35403976,35403977,35403978,35403979,35403980,35403981,35403982,35403983,35403984,35403985,35403986,35403987,35403988,35403989,35403990,35403991,35403992,35403993,35403994,35403995,35403996,35403997,35403998,35403999,35404000,35404001,35404002,35404003,35404004,35404005,35404006,35404007,35404008,35404009,35404010,35404011,35404012,35404013,35404014,35404015,35404016,35404017,35404018,35404019,35404020,35404021,35404022,35404023,35404024,35404025,35404026,35404027,35404028,35404029,35404030,35404031,35404032,35404033,35404034,35404035,35404036,35404037,35404038,35404039,35404040,35404041,35404042,35404043,35404044,35404045,35404046,35404047,35404048,35404049,35404050,35404051,35404052,35404053,35404054,35404055,35404056,35404057,35404058,35404059,35404060,35404061,35404062,35404063,35404064,35404065,35404066,35404067,35404068,35404069,35404070,35404071,35404072,35404073,35404074,35404075,35404076,35404077,35404078,35404079,35404080,35404081,35404082,35404083,35404084,35404085,35404086,35404087,35404088,35404089,35404090,35404091,35404092,35404093,35404094,35404095,35404096,35404097,35404098,35404099,35404100,35404101,35404102,35404103,35404104,35404105,35404106,35404107,35404108,35404109,35404110,35404111,35404112,35404113,35404114,35404115,35404116,35404117,35404118,35404119,35404120,35404121,35404122,35404123,35404124,35404125,35404126,35404127,35404128,35404129,35404130,35404131,35404132,35404133,35404134,35404135,35404136,35404137,35404138,35404139,35404140,35404141,35404142,35404143,35404144,35404145,35404146,35404147,35404148,35404149,35404150,35404151,35404152,35404153,35404154,35404155,35404156,35404157,35404158,35404159,35404160,35404161,35404162,35404163,35404164,35404165,35404166,35404167,35404168,35404169,35404170,35404171,35404172,35404173,35404174,35404175,35404176,35404177,35404178,35404179,35404180,35404181,35404182,35404183,35404184,35404185,35404186,35404187,35404188,35404189,35404190,35404191,35404192,35404193,35404194,35404195,35404196,35404197,35404198,35404199,35404200,35404201,35404202,35404203,35404204,35404205,35404206,35404207,35404208,35404209,35404210,35404211,35404212,35404213,35404214,35404215,35404216,35404217,35404218,35404219,35404220,35404221,35404222,35404223,35404224,35404225,35404226,35404227,35404228,35404229,35404230,35404231,35404232,35404233,35404234,35404235,35404236,35404237,35404238,35404239,35404240,35404241,35404242,35404243,35404244,35404245,35404246,35404247,35404248,35404249,35404250,35404251,35404252,35404253,35404254,35404255,35404256,35404257,35404258,35404259,35404260,35404261,35404262,35404263,35404264,35404265,35404266,35404267,35404268,35404269,35404270,35404271,35404272,35404273,35404274,35404275,35404276,35404277,35404278,35404279,35404280,35404281,35404282,35404283,35404284,35404285,35404286,35404287,35404288,35404289,35404290,35404291,35404292,35404293,35404294,35404295,35404296,35404297,35404298,35404299,35404300,35404301,35404302,35404303,35404304,35404305,35404306,35404307,35404308,35404309,35404310,35404311,35404312,35404313,35404314,35404315,35404316,35404317,35404318,35404319,35404320,35404321,35404322,35404323,35404324,35404325,35404326,35404327,35404328,35404329,35404330,35404331,35404332,35404333,35404334,35404335,35404336,35404337,35404338,35404339,35404340,35404341,35404342,35404343,35404344,35404345,35404346,35404347,35404348,35404349,35404350,35404351,35404352,35404353,35404354,35404355,35404356,35404357,35404358,35404359,35404360,35404361,35404362,35404363,35404364,35404365,35404366,35404367,35404368,35404369,35404370,35404371,35404372,35404373,35404374,35404375,35404376,35404377,35404378,35404379,35404380,35404381,35404382,35404383,35404384,35404385,35404386,35404387,35404388,35404389,35404390,35404391,35404392,35404393,35404394,35404395,35404396,35404397,35404398,35404399,35404400,35404401,35404402,35404403,35404404,35404405,35404406,35404407,35404408,35404409,35404410,35404411,35404412,35404413,35404414,35404415,35404416,35404417,35404418,35404419,35404420,35404421,35404422,35404423,35404424,35404425,35404426,35404427,35404428,35404429,35404430,35404431,35404432,35404433,35404434,35404435,35404436,35404437,35404438,35404439,35404440,35404441,35404442,35404443,35404444,35404445,35404446,35404447,35404448,35404449,35404450,35404451,35404452,35404453,35404454,35404455,35404456,35404457,35404458,35404459,35404460,35404461,35404462,35404463,35404464,35404465,35404466,35404467,35404468,35404469,35404470,35404471,35404472,35404473,35404474,35404475,35404476,35404477,35404478,35404479,35404480,35404481,35404482,35404483,35404484,35404485,35404486,35404487,35404488,35404489,35404490,35404491,35404492,35404493,35404494,35404495,35404496,35404497,35404498,35404499,35404500,35404501,35404502,35404503,35404504,35404505,35404506,35404507,35404508,35404509,35404510,35404511,35404512,35404513,35404514,35404515,35404516,35404517,35404518,35404519,35404520,35404521,35404522,35404523,35404524,35404525,35404526,35404527,35404528,35404529,35404530,35404531,35404532,35404533,35404534,35404535,35404536,35404537,35404538,35404539,35404540,35404541,35404542,35404543,35404544,35404545,35404546,35404547,35404548,35404549,35404550,35404551,35404552,35404553,35404554,35404555,35404556,35404557,35404558,35404559,35404560,35404561,35404562,35404563,35404564,35404565,35404566,35404567,35404568,35404569,35404570,35404571,35404572,35404573,35404574,35404575,35404576,35404577,35404578,35404579,35404580,35404581,35404582,35404583,35404584,35404585,35404586,35404587,35404588,35404589,35404590,35404591,35404592,35404593,35404594,35404595,35404596,35404597,35404598,35404599,35404600,35404601,35404602,35404603,35404604,35404605,35404606,35404607,35404608,35404609,35404610,35404611,35404612,35404613,35404614,35404615,35404616,35404617,35404618,35404619,35404620,35404621,35404622,35404623,35404624,35404625,35404626,35404627,35404628,35404629,35404630,35404631,35404632,35404633,35404634,35404635,35404636,35404637,35404638,35404639,35404640,35404641,35404642,35404643,35404644,35404645,35404646,35404647,35404648,35404649,35404650,35404651,35404652,35404653,35404654,35404655,35404656,35404657,35404658,35404659,35404660,35404661,35404662,35404663,35404664,35404665,35404666,35404667,35404668,35404669,35404670,35404671,35404672,35404673,35404674,35404675,35404676,35404677,35404678,35404679,35404680,35404681,35404682,35404683,35404684,35404685,35404686,35404687,35404688,35404689,35404690,35404691,35404692,35404693,35404694,35404695,35404696,35404697,35404698,35404699,35404700,35404701,35404702,35404703,35404704,35404705,35404706,35404707,35404708,35404709,35404710,35404711,35404712,35404713,35404714,35404715,35404716,35404717,35404718,35404719,35404720,35404721,35404722,35404723,35404724,35404725,35404726,35404727,35404728,35404729,35404730,35404731,35404732,35404733,35404734,35404735,35404736,35404737,35404738,35404739,35404740,35404741,35404742,35404743,35404744,35404745,35404746,35404747,35404748,35404749,35404750,35404751,35404752,35404753,35404754,35404755,35404756,35404757,35404758,35404759,35404760,35404761,35404762,35404763,35404764,35404765,35404766,35404767,35404768,35404769,35404770,35404771,35404772,35404773,35404774,35404775,35404776,35404777,35404778,35404779,35404780,35404781,35404782,35404783,35404784,35404785,35404786,35404787,35404788,35404789,35404790,35404791,35404792,35404793,35404794,35404795,35404796,35404797,35404798,35404799,35404800,35404801,35404802,35404803,35404804,35404805,35404806,35404807,35404808,35404809,35404810,35404811,35404812,35404813,35404814,35404815,35404816,35404817,35404818,35404819,35404820,35404821,35404822,35404823,35404824,35404825,35404826,35404827,35404828,35404829,35404830,35404831,35404832,35404833,35404834,35404835,35404836,35404837,35404838,35404839,35404840,35404841,35404842,35404843,35404844,35404845,35404846,35404847,35404848,35404849,35404850,35404851,35404852,35404853,35404854,35404855,35404856,35404857,35404858,35404859,35404860,35404861,35404862,35404863,35404864,35404865,35404866,35404867,35404868,35404869,35404870,35404871,35404872,35404873,35404874,35404875,35404876,35404877,35404878,35404879,35404880,35404881,35404882,35404883,35404884,35404885,35404886,35404887,35404888,35404889,35404890,35404891,35404892,35404893,35404894,35404895,35404896,35404897,35404898,35404899,35404900,35404901,35404902,35404903,35404904,35404905,35404906,35404907,35404908,35404909,35404910,35404911,35404912,35404913,35404914,35404915,35404916,35404917,35404918,35404919,35404920,35404921,35404922,35404923,35404924,35404925,35404926,35404927,35404928,35404929,35404930,35404931,35404932,35404933,35404934,35404935,35404936,35404937,35404938,35404939,35404940,35404941,35404942,35404943,35404944,35404945,35404946,35404947,35404948,35404949,35404950,35404951,35404952,35404953,35404954,35404955,35404956,35404957,35404958,35404959,35404960,35404961,35404962,35404963,35404964,35404965,35404966,35404967,35404968,35404969,35404970,35404971,35404972,35404973,35404974,35404975,35404976,35404977,35404978,35404979,35404980,35404981,35404982,35404983,35404984,35404985,35404986,35404987,35404988,35404989,35404990,35404991,35404992,35404993,35404994,35404995,35404996,35404997,35404998,35404999,35405000,35405001,35405002,35405003,35405004,35405005,35405006,35405007,35405008,35405009,35405010,35405011,35405012,35405013,35405014,35405015,35405016,35405017,35405018,35405019,35405020,35405021,35405022,35405023,35405024,35405025,35405026,35405027,35405028,35405029,35405030,35405031,35405032,35405033,35405034,35405035,35405036,35405037,35405038,35405039,35405040,35405041,35405042,35405043,35405044,35405045,35405046,35405047,35405048,35405049,35405050,35405051,35405052,35405053,35405054,35405055,35405056,35405057,35405058,35405059,35405060,35405061,35405062,35405063,35405064,35405065,35405066,35405067,35405068,35405069,35405070,35405071,35405072,35405073,35405074,35405075,35405076,35405077,35405078,35405079,35405080,35405081,35405082,35405083,35405084,35405085,35405086,35405087,35405088,35405089,35405090,35405091,35405092,35405093,35405094,35405095,35405096,35405097,35405098,35405099,35405100,35405101,35405102,35405103,35405104,35405105,35405106,35405107,35405108,35405109,35405110,35405111,35405112,35405113,35405114,35405115,35405116,35405117,35405118,35405119,35405120,35405121,35405122,35405123,35405124,35405125,35405126,35405127,35405128,35405129,35405130,35405131,35405132,35405133,35405134,35405135,35405136,35405137,35405138,35405139,35405140,35405141,35405142,35405143,35405144,35405145,35405146,35405147,35405148,35405149,35405150,35405151,35405152,35405153,35405154,35405155,35405156,35405157,35405158,35405159,35405160,35405161,35405162,35405163,35405164,35405165,35405166,35405167,35405168,35405169,35405170,35405171,35405172,35405173,35405174,35405175,35405176,35405177,35405178,35405179,35405180,35405181,35405182,35405183,35405184,35405185,35405186,35405187,35405188,35405189,35405190,35405191,35405192,35405193,35405194,35405195,35405196,35405197,35405198,35405199,35405200,35405201,35405202,35405203,35405204,35405205,35405206,35405207,35405208,35405209,35405210,35405211,35405212,35405213,35405214,35405215,35405216,35405217,35405218,35405219,35405220,35405221,35405222,35405223,35405224,35405225,35405226,35405227,35405228,35405229,35405230,35405231,35405232,35405233,35405234,35405235,35405236,35405237,35405238,35405239,35405240,35405241,35405242,35405243,35405244,35405245,35405246,35405247,35405248,35405249,35405250,35405251,35405252,35405253,35405254,35405255,35405256,35405257,35405258,35405259,35405260,35405261,35405262,35405263,35405264,35405265,35405266,35405267,35405268,35405269,35405270,35405271,35405272,35405273,35405274,35405275,35405276,35405277,35405278,35405279,35405280,35405281,35405282,35405283,35405284,35405285,35405286,35405287,35405288,35405289,35405290,35405291,35405292,35405293,35405294,35405295,35405296,35405297,35405298,35405299,35405300,35405301,35405302,35405303,35405304,35405305,35405306,35405307,35405308,35405309,35405310,35405311,35405312,35405313,35405314,35405315,35405316,35405317,35405318,35405319,35405320,35405321,35405322,35405323,35405324,35405325,35405326,35405327,35405328,35405329,35405330,35405331,35405332,35405333,35405334,35405335,35405336,35405337,35405338,35405339,35405340,35405341,35405342,35405343,35405344,35405345,35405346,35405347,35405348,35405349,35405350,35405351,35405352,35405353,35405354,35405355,35405356,35405357,35405358,35405359,35405360,35405361,35405362,35405363,35405364,35405365,35405366,35405367,35405368,35405369,35405370,35405371,35405372,35405373,35405374,35405375,35405376,35405377,35405378,35405379,35405380,35405381,35405382,35405383,35405384,35405385,35405386,35405387,35405388,35405389,35405390,35405391,35405392,35405393,35405394,35405395,35405396,35405397,35405398,35405399,35405400,35405401,35405402,35405403,35405404,35405405,35405406,35405407,35405408,35405409,35405410,35405411,35405412,35405413,35405414,35405415,35405416,35405417,35405418,35405419,35405420,35405421,35405422,35405423,35405424,35405425,35405426,35405427,35405428,35405429,35405430,35405431,35405432,35405433,35405434,35405435,35405436,35405437,35405438,35405439,35405440,35405441,35405442,35405443,35405444,35405445,35405446,35405447,35405448,35405449,35405450,35405451,35405452,35405453,35405454,35405455,35405456,35405457,35405458,35405459,35405460,35405461,35405462,35405463,35405464,35405465,35405466,35405467,35405468,35405469,35405470,35405471,35405472,35405473,35405474,35405475,35405476,35405477,35405478,35405479,35405480,35405481,35405482,35405483,35405484,35405485,35405486,35405487,35405488,35405489,35405490,35405491,35405492,35405493,35405494,35405495,35405496,35405497,35405498,35405499,35405500,35405501,35405502,35405503,35405504,35405505,35405506,35405507,35405508,35405509,35405510,35405511,35405512,35405513,35405514,35405515,35405516,35405517,35405518,35405519,35405520,35405521,35405522,35405523,35405524,35405525,35405526,35405527,35405528,35405529,35405530,35405531,35405532,35405533,35405534,35405535,35405536,35405537,35405538,35405539,35405540,35405541,35405542,35405543,35405544,35405545,35405546,35405547,35405548,35405549,35405550,35405551,35405552,35405553,35405554,35405555,35405556,35405557,35405558,35405559,35405560,35405561,35405562,35405563,35405564,35405565,35405566,35405567,35405568,35405569,35405570,35405571,35405572,35405573,35405574,35405575,35405576,35405577,35405578,35405579,35405580,35405581,35405582,35405583,35405584,35405585,35405586,35405587,35405588,35405589,35405590,35405591,35405592,35405593,35405594,35405595,35405596,35405597,35405598,35405599,35405600,35405601,35405602,35405603,35405604,35405605,35405606,35405607,35405608,35405609,35405610,35405611,35405612,35405613,35405614,35405615,35405616,35405617,35405618,35405619,35405620,35405621,35405622,35405623,35405624,35405625,35405626,35405627,35405628,35405629,35405630,35405631,35405632,35405633,35405634,35405635,35405636,35405637,35405638,35405639,35405640,35405641,35405642,35405643,35405644,35405645,35405646,35405647,35405648,35405649,35405650,35405651,35405652,35405653,35405654,35405655,35405656,35405657,35405658,35405659,35405660,35405661,35405662,35405663,35405664,35405665,35405666,35405667,35405668,35405669,35405670,35405671,35405672,35405673,35405674,35405675,35405676,35405677,35405678,35405679,35405680,35405681,35405682,35405683,35405684,35405685,35405686,35405687,35405688,35405689,35405690,35405691,35405692,35405693,35405694,35405695,35405696,35405697,35405698,35405699,35405700,35405701,35405702,35405703,35405704,35405705,35405706,35405707,35405708,35405709,35405710,35405711,35405712,35405713,35405714,35405715,35405716,35405717,35405718,35405719,35405720,35405721,35405722,35405723,35405724,35405725,35405726,35405727,35405728,35405729,35405730,35405731,35405732,35405733,35405734,35405735,35405736,35405737,35405738,35405739,35405740,35405741,35405742,35405743,35405744,35405745,35405746,35405747,35405748,35405749,35405750,35405751,35405752,35405753,35405754,35405755,35405756,35405757,35405758,35405759,35405760,35405761,35405762,35405763,35405764,35405765,35405766,35405767,35405768,35405769,35405770,35405771,35405772,35405773,35405774,35405775,35405776,35405777,35405778,35405779,35405780,35405781,35405782,35405783,35405784,35405785,35405786,35405787,35405788,35405789,35405790,35405791,35405792,35405793,35405794,35405795,35405796,35405797,35405798,35405799,35405800,35405801,35405802,35405803,35405804,35405805,35405806,35405807,35405808,35405809,35405810,35405811,35405812,35405813,35405814,35405815,35405816,35405817,35405818,35405819,35405820,35405821,35405822,35405823,35405824,35405825,35405826,35405827,35405828,35405829,35405830,35405831,35405832,35405833,35405834,35405835,35405836,35405837,35405838,35405839,35405840,35405841,35405842,35405843,35405844,35405845,35405846,35405847,35405848,35405849,35405850,35405851,35405852,35405853,35405854,35405855,35405856,35405857,35405858,35405859,35405860,35405861,35405862,35405863,35405864,35405865,35405866,35405867,35405868,35405869,35405870,35405871,35405872,35405873,35405874,35405875,35405876,35405877,35405878,35405879,35405880,35405881,35405882,35405883,35405884,35405885,35405886,35405887,35405888,35405889,35405890,35405891,35405892,35405893,35405894,35405895,35405896,35405897,35405898,35405899,35405900,35405901,35405902,35405903,35405904,35405905,35405906,35405907,35405908,35405909,35405910,35405911,35405912,35405913,35405914,35405915,35405916,35405917,35405918,35405919,35405920,35405921,35405922,35405923,35405924,35405925,35405926,35405927,35405928,35405929,35405930,35405931,35405932,35405933,35405934,35405935,35405936,35405937,35405938,35405939,35405940,35405941,35405942,35405943,35405944,35405945,35405946,35405947,35405948,35405949,35405950,35405951,35405952,35405953,35405954,35405955,35405956,35405957,35405958,35405959,35405960,35405961,35405962,35405963,35405964,35405965,35405966,35405967,35405968,35405969,35405970,35405971,35405972,35405973,35405974,35405975,35405976,35405977,35405978,35405979,35405980,35405981,35405982,35405983,35405984,35405985,35405986,35405987,35405988,35405989,35405990,35405991,35405992,35405993,35405994,35405995,35405996,35405997,35405998,35405999,35406000,35406001,35406002,35406003,35406004,35406005,35406006,35406007,35406008,35406009,35406010,35406011,35406012,35406013,35406014,35406015,35406016,35406017,35406018,35406019,35406020,35406021,35406022,35406023,35406024,35406025,35406026,35406027,35406028,35406029,35406030,35406031,35406032,35406033,35406034,35406035,35406036,35406037,35406038,35406039,35406040,35406041,35406042,35406043,35406044,35406045,35406046,35406047,35406048,35406049,35406050,35406051,35406052,35406053,35406054,35406055,35406056,35406057,35406058,35406059,35406060,35406061,35406062,35406063,35406064,35406065,35406066,35406067,35406068,35406069,35406070,35406071,35406072,35406073,35406074,35406075,35406076,35406077,35406078,35406079,35406080,35406081,35406082,35406083,35406084,35406085,35406086,35406087,35406088,35406089,35406090,35406091,35406092,35406093,35406094,35406095,35406096,35406097,35406098,35406099,35406100,35406101,35406102,35406103,35406104,35406105,35406106,35406107,35406108,35406109,35406110,35406111,35406112,35406113,35406114,35406115,35406116,35406117,35406118,35406119,35406120,35406121,35406122,35406123,35406124,35406125,35406126,35406127,35406128,35406129,35406130,35406131,35406132,35406133,35406134,35406135,35406136,35406137,35406138,35406139,35406140,35406141,35406142,35406143,35406144,35406145,35406146,35406147,35406148,35406149,35406150,35406151,35406152,35406153,35406154,35406155,35406156,35406157,35406158,35406159,35406160,35406161,35406162,35406163,35406164,35406165,35406166,35406167,35406168,35406169,35406170,35406171,35406172,35406173,35406174,35406175,35406176,35406177,35406178,35406179,35406180,35406181,35406182,35406183,35406184,35406185,35406186,35406187,35406188,35406189,35406190,35406191,35406192,35406193,35406194,35406195,35406196,35406197,35406198,35406199,35406200,35406201,35406202,35406203,35406204,35406205,35406206,35406207,35406208,35406209,35406210,35406211,35406212,35406213,35406214,35406215,35406216,35406217,35406218,35406219,35406220,35406221,35406222,35406223,35406224,35406225,35406226,35406227,35406228,35406229,35406230,35406231,35406232,35406233,35406234,35406235,35406236,35406237,35406238,35406239,35406240,35406241,35406242,35406243,35406244,35406245,35406246,35406247,35406248,35406249,35406250,35406251,35406252,35406253,35406254,35406255,35406256,35406257,35406258,35406259,35406260,35406261,35406262,35406263,35406264,35406265,35406266,35406267,35406268,35406269,35406270,35406271,35406272,35406273,35406274,35406275,35406276,35406277,35406278,35406279,35406280,35406281,35406282,35406283,35406284,35406285,35406286,35406287,35406288,35406289,35406290,35406291,35406292,35406293,35406294,35406295,35406296,35406297,35406298,35406299,35406300,35406301,35406302,35406303,35406304,35406305,35406306,35406307,35406308,35406309,35406310,35406311,35406312,35406313,35406314,35406315,35406316,35406317,35406318,35406319,35406320,35406321,35406322,35406323,35406324,35406325,35406326,35406327,35406328,35406329,35406330,35406331,35406332,35406333,35406334,35406335,35406336,35406337,35406338,35406339,35406340,35406341,35406342,35406343,35406344,35406345,35406346,35406347,35406348,35406349,35406350,35406351,35406352,35406353,35406354,35406355,35406356,35406357,35406358,35406359,35406360,35406361,35406362,35406363,35406364,35406365,35406366,35406367,35406368,35406369,35406370,35406371,35406372,35406373,35406374,35406375,35406376,35406377,35406378,35406379,35406380,35406381,35406382,35406383,35406384,35406385,35406386,35406387,35406388,35406389,35406390,35406391,35406392,35406393,35406394,35406395,35406396,35406397,35406398,35406399,35406400,35406401,35406402,35406403,35406404,35406405,35406406,35406407,35406408,35406409,35406410,35406411,35406412,35406413,35406414,35406415,35406416,35406417,35406418,35406419,35406420,35406421,35406422,35406423,35406424,35406425,35406426,35406427,35406428,35406429,35406430,35406431,35406432,35406433,35406434,35406435,35406436,35406437,35406438,35406439,35406440,35406441,35406442,35406443,35406444,35406445,35406446,35406447,35406448,35406449,35406450,35406451,35406452,35406453,35406454,35406455,35406456,35406457,35406458,35406459,35406460,35406461,35406462,35406463,35406464,35406465,35406466,35406467,35406468,35406469,35406470,35406471,35406472,35406473,35406474,35406475,35406476,35406477,35406478,35406479,35406480,35406481,35406482,35406483,35406484,35406485,35406486,35406487,35406488,35406489,35406490,35406491,35406492,35406493,35406494,35406495,35406496,35406497,35406498,35406499,35406500,35406501,35406502,35406503,35406504,35406505,35406506,35406507,35406508,35406509,35406510,35406511,35406512,35406513,35406514,35406515,35406516,35406517,35406518,35406519,35406520,35406521,35406522,35406523,35406524,35406525,35406526,35406527,35406528,35406529,35406530,35406531,35406532,35406533,35406534,35406535,35406536,35406537,35406538,35406539,35406540,35406541,35406542,35406543,35406544,35406545,35406546,35406547,35406548,35406549,35406550,35406551,35406552,35406553,35406554,35406555,35406556,35406557,35406558,35406559,35406560,35406561,35406562,35406563,35406564,35406565,35406566,35406567,35406568,35406569,35406570,35406571,35406572,35406573,35406574,35406575,35406576,35406577,35406578,35406579,35406580,35406581,35406582,35406583,35406584,35406585,35406586,35406587,35406588,35406589,35406590,35406591,35406592,35406593,35406594,35406595,35406596,35406597,35406598,35406599,35406600,35406601,35406602,35406603,35406604,35406605,35406606,35406607,35406608,35406609,35406610,35406611,35406612,35406613,35406614,35406615,35406616,35406617,35406618,35406619,35406620,35406621,35406622,35406623,35406624,35406625,35406626,35406627,35406628,35406629,35406630,35406631,35406632,35406633,35406634,35406635,35406636,35406637,35406638,35406639,35406640,35406641,35406642,35406643,35406644,35406645,35406646,35406647,35406648,35406649,35406650,35406651,35406652,35406653,35406654,35406655,35406656,35406657,35406658,35406659,35406660,35406661,35406662,35406663,35406664,35406665,35406666,35406667,35406668,35406669,35406670,35406671,35406672,35406673,35406674,35406675,35406676,35406677,35406678,35406679,35406680,35406681,35406682,35406683,35406684,35406685,35406686,35406687,35406688,35406689,35406690,35406691,35406692,35406693,35406694,35406695,35406696,35406697,35406698,35406699,35406700,35406701,35406702,35406703,35406704,35406705,35406706,35406707,35406708,35406709,35406710,35406711,35406712,35406713,35406714,35406715,35406716,35406717,35406718,35406719,35406720,35406721,35406722,35406723,35406724,35406725,35406726,35406727,35406728,35406729,35406730,35406731,35406732,35406733,35406734,35406735,35406736,35406737,35406738,35406739,35406740,35406741,35406742,35406743,35406744,35406745,35406746,35406747,35406748,35406749,35406750,35406751,35406752,35406753,35406754,35406755,35406756,35406757,35406758,35406759,35406760,35406761,35406762,35406763,35406764,35406765,35406766,35406767,35406768,35406769,35406770,35406771,35406772,35406773,35406774,35406775,35406776,35406777,35406778,35406779,35406780,35406781,35406782,35406783,35406784,35406785,35406786,35406787,35406788,35406789,35406790,35406791,35406792,35406793,35406794,35406795,35406796,35406797,35406798,35406799,35406800,35406801,35406802,35406803,35406804,35406805,35406806,35406807,35406808,35406809,35406810,35406811,35406812,35406813,35406814,35406815,35406816,35406817,35406818,35406819,35406820,35406821,35406822,35406823,35406824,35406825,35406826,35406827,35406828,35406829,35406830,35406831,35406832,35406833,35406834,35406835,35406836,35406837,35406838,35406839,35406840,35406841,35406842,35406843,35406844,35406845,35406846,35406847,35406848,35406849,35406850,35406851,35406852,35406853,35406854,35406855,35406856,35406857,35406858,35406859,35406860,35406861,35406862,35406863,35406864,35406865,35406866,35406867,35406868,35406869,35406870,35406871,35406872,35406873,35406874,35406875,35406876,35406877,35406878,35406879,35406880,35406881,35406882,35406883,35406884,35406885,35406886,35406887,35406888,35406889,35406890,35406891,35406892,35406893,35406894,35406895,35406896,35406897,35406898,35406899,35406900,35406901,35406902,35406903,35406904,35406905,35406906,35406907,35406908,35406909,35406910,35406911,35406912,35406913,35406914,35406915,35406916,35406917,35406918,35406919,35406920,35406921,35406922,35406923,35406924,35406925,35406926,35406927,35406928,35406929,35406930,35406931,35406932,35406933,35406934,35406935,35406936,35406937,35406938,35406939,35406940,35406941,35406942,35406943,35406944,35406945,35406946,35406947,35406948,35406949,35406950,35406951,35406952,35406953,35406954,35406955,35406956,35406957,35406958,35406959,35406960,35406961,35406962,35406963,35406964,35406965,35406966,35406967,35406968,35406969,35406970,35406971,35406972,35406973,35406974,35406975,35406976,35406977,35406978,35406979,35406980,35406981,35406982,35406983,35406984,35406985,35406986,35406987,35406988,35406989,35406990,35406991,35406992,35406993,35406994,35406995,35406996,35406997,35406998,35406999,35407000,35407001,35407002,35407003,35407004,35407005,35407006,35407007,35407008,35407009,35407010,35407011,35407012,35407013,35407014,35407015,35407016,35407017,35407018,35407019,35407020,35407021,35407022,35407023,35407024,35407025,35407026,35407027,35407028,35407029,35407030,35407031,35407032,35407033,35407034,35407035,35407036,35407037,35407038,35407039,35407040,35407041,35407042,35407043,35407044,35407045,35407046,35407047,35407048,35407049,35407050,35407051,35407052,35407053,35407054,35407055,35407056,35407057,35407058,35407059,35407060,35407061,35407062,35407063,35407064,35407065,35407066,35407067,35407068,35407069,35407070,35407071,35407072,35407073,35407074,35407075,35407076,35407077,35407078,35407079,35407080,35407081,35407082,35407083,35407084,35407085,35407086,35407087,35407088,35407089,35407090,35407091,35407092,35407093,35407094,35407095,35407096,35407097,35407098,35407099,35407100,35407101,35407102,35407103,35407104,35407105,35407106,35407107,35407108,35407109,35407110,35407111,35407112,35407113,35407114,35407115,35407116,35407117,35407118,35407119,35407120,35407121,35407122,35407123,35407124,35407125,35407126,35407127,35407128,35407129,35407130,35407131,35407132,35407133,35407134,35407135,35407136,35407137,35407138,35407139,35407140,35407141,35407142,35407143,35407144,35407145,35407146,35407147,35407148,35407149,35407150,35407151,35407152,35407153,35407154,35407155,35407156,35407157,35407158,35407159,35407160,35407161,35407162,35407163,35407164,35407165,35407166,35407167,35407168,35407169,35407170,35407171,35407172,35407173,35407174,35407175,35407176,35407177,35407178,35407179,35407180,35407181,35407182,35407183,35407184,35407185,35407186,35407187,35407188,35407189,35407190,35407191,35407192,35407193,35407194,35407195,35407196,35407197,35407198,35407199,35407200,35407201,35407202,35407203,35407204,35407205,35407206,35407207,35407208,35407209,35407210,35407211,35407212,35407213,35407214,35407215,35407216,35407217,35407218,35407219,35407220,35407221,35407222,35407223,35407224,35407225,35407226,35407227,35407228,35407229,35407230,35407231,35407232,35407233,35407234,35407235,35407236,35407237,35407238,35407239,35407240,35407241,35407242,35407243,35407244,35407245,35407246,35407247,35407248,35407249,35407250,35407251,35407252,35407253,35407254,35407255,35407256,35407257,35407258,35407259,35407260,35407261,35407262,35407263,35407264,35407265,35407266,35407267,35407268,35407269,35407270,35407271,35407272,35407273,35407274,35407275,35407276,35407277,35407278,35407279,35407280,35407281,35407282,35407283,35407284,35407285,35407286,35407287,35407288,35407289,35407290,35407291,35407292,35407293,35407294,35407295,35407296,35407297,35407298,35407299,35407300,35407301,35407302,35407303,35407304,35407305,35407306,35407307,35407308,35407309,35407310,35407311,35407312,35407313,35407314,35407315,35407316,35407317,35407318,35407319,35407320,35407321,35407322,35407323,35407324,35407325,35407326,35407327,35407328,35407329,35407330,35407331,35407332,35407333,35407334,35407335,35407336,35407337,35407338,35407339,35407340,35407341,35407342,35407343,35407344,35407345,35407346,35407347,35407348,35407349,35407350,35407351,35407352,35407353,35407354,35407355,35407356,35407357,35407358,35407359,35407360,35407361,35407362,35407363,35407364,35407365,35407366,35407367,35407368,35407369,35407370,35407371,35407372,35407373,35407374,35407375,35407376,35407377,35407378,35407379,35407380,35407381,35407382,35407383,35407384,35407385,35407386,35407387,35407388,35407389,35407390,35407391,35407392,35407393,35407394,35407395,35407396,35407397,35407398,35407399,35407400,35407401,35407402,35407403,35407404,35407405,35407406,35407407,35407408,35407409,35407410,35407411,35407412,35407413,35407414,35407415,35407416,35407417,35407418,35407419,35407420,35407421,35407422,35407423,35407424,35407425,35407426,35407427,35407428,35407429,35407430,35407431,35407432,35407433,35407434,35407435,35407436,35407437,35407438,35407439,35407440,35407441,35407442,35407443,35407444,35407445,35407446,35407447,35407448,35407449,35407450,35407451,35407452,35407453,35407454,35407455,35407456,35407457,35407458,35407459,35407460,35407461,35407462,35407463,35407464,35407465,35407466,35407467,35407468,35407469,35407470,35407471,35407472,35407473,35407474,35407475,35407476,35407477,35407478,35407479,35407480,35407481,35407482,35407483,35407484,35407485,35407486,35407487,35407488,35407489,35407490,35407491,35407492,35407493,35407494,35407495,35407496,35407497,35407498,35407499,35407500,35407501,35407502,35407503,35407504,35407505,35407506,35407507,35407508,35407509,35407510,35407511,35407512,35407513,35407514,35407515,35407516,35407517,35407518,35407519,35407520,35407521,35407522,35407523,35407524,35407525,35407526,35407527,35407528,35407529,35407530,35407531,35407532,35407533,35407534,35407535,35407536,35407537,35407538,35407539,35407540,35407541,35407542,35407543,35407544,35407545,35407546,35407547,35407548,35407549,35407550,35407551,35407552,35407553,35407554,35407555,35407556,35407557,35407558,35407559,35407560,35407561,35407562,35407563,35407564,35407565,35407566,35407567,35407568,35407569,35407570,35407571,35407572,35407573,35407574,35407575,35407576,35407577,35407578,35407579,35407580,35407581,35407582,35407583,35407584,35407585,35407586,35407587,35407588,35407589,35407590,35407591,35407592,35407593,35407594,35407595,35407596,35407597,35407598,35407599,35407600,35407601,35407602,35407603,35407604,35407605,35407606,35407607,35407608,35407609,35407610,35407611,35407612,35407613,35407614,35407615,35407616,35407617,35407618,35407619,35407620,35407621,35407622,35407623,35407624,35407625,35407626,35407627,35407628,35407629,35407630,35407631,35407632,35407633,35407634,35407635,35407636,35407637,35407638,35407639,35407640,35407641,35407642,35407643,35407644,35407645,35407646,35407647,35407648,35407649,35407650,35407651,35407652,35407653,35407654,35407655,35407656,35407657,35407658,35407659,35407660,35407661,35407662,35407663,35407664,35407665,35407666,35407667,35407668,35407669,35407670,35407671,35407672,35407673,35407674,35407675,35407676,35407677,35407678,35407679,35407680,35407681,35407682,35407683,35407684,35407685,35407686,35407687,35407688,35407689,35407690,35407691,35407692,35407693,35407694,35407695,35407696,35407697,35407698,35407699,35407700,35407701,35407702,35407703,35407704,35407705,35407706,35407707,35407708,35407709,35407710,35407711,35407712,35407713,35407714,35407715,35407716,35407717,35407718,35407719,35407720,35407721,35407722,35407723,35407724,35407725,35407726,35407727,35407728,35407729,35407730,35407731,35407732,35407733,35407734,35407735,35407736,35407737,35407738,35407739,35407740,35407741,35407742,35407743,35407744,35407745,35407746,35407747,35407748,35407749,35407750,35407751,35407752,35407753,35407754,35407755,35407756,35407757,35407758,35407759,35407760,35407761,35407762,35407763,35407764,35407765,35407766,35407767,35407768,35407769,35407770,35407771,35407772,35407773,35407774,35407775,35407776,35407777,35407778,35407779,35407780,35407781,35407782,35407783,35407784,35407785,35407786,35407787,35407788,35407789,35407790,35407791,35407792,35407793,35407794,35407795,35407796,35407797,35407798,35407799,35407800,35407801,35407802,35407803,35407804,35407805,35407806,35407807,35407808,35407809,35407810,35407811,35407812,35407813,35407814,35407815,35407816,35407817,35407818,35407819,35407820,35407821,35407822,35407823,35407824,35407825,35407826,35407827,35407828,35407829,35407830,35407831,35407832,35407833,35407834,35407835,35407836,35407837,35407838,35407839,35407840,35407841,35407842,35407843,35407844,35407845,35407846,35407847,35407848,35407849,35407850,35407851,35407852,35407853,35407854,35407855,35407856,35407857,35407858,35407859,35407860,35407861,35407862,35407863,35407864,35407865,35407866,35407867,35407868,35407869,35407870,35407871,35407872,35407873,35407874,35407875,35407876,35407877,35407878,35407879,35407880,35407881,35407882,35407883,35407884,35407885,35407886,35407887,35407888,35407889,35407890,35407891,35407892,35407893,35407894,35407895,35407896,35407897,35407898,35407899,35407900,35407901,35407902,35407903,35407904,35407905,35407906,35407907,35407908,35407909,35407910,35407911,35407912,35407913,35407914,35407915,35407916,35407917,35407918,35407919,35407920,35407921,35407922,35407923,35407924,35407925,35407926,35407927,35407928,35407929,35407930,35407931,35407932,35407933,35407934,35407935,35407936,35407937,35407938,35407939,35407940,35407941,35407942,35407943,35407944,35407945,35407946,35407947,35407948,35407949,35407950,35407951,35407952,35407953,35407954,35407955,35407956,35407957,35407958,35407959,35407960,35407961,35407962,35407963,35407964,35407965,35407966,35407967,35407968,35407969,35407970,35407971,35407972,35407973,35407974,35407975,35407976,35407977,35407978,35407979,35407980,35407981,35407982,35407983,35407984,35407985,35407986,35407987,35407988,35407989,35407990,35407991,35407992,35407993,35407994,35407995,35407996,35407997,35407998,35407999,35408000,35408001,35408002,35408003,35408004,35408005,35408006,35408007,35408008,35408009,35408010,35408011,35408012,35408013,35408014,35408015,35408016,35408017,35408018,35408019,35408020,35408021,35408022,35408023,35408024,35408025,35408026,35408027,35408028,35408029,35408030,35408031,35408032,35408033,35408034,35408035,35408036,35408037,35408038,35408039,35408040,35408041,35408042,35408043,35408044,35408045,35408046,35408047,35408048,35408049,35408050,35408051,35408052,35408053,35408054,35408055,35408056,35408057,35408058,35408059,35408060,35408061,35408062,35408063,35408064,35408065,35408066,35408067,35408068,35408069,35408070,35408071,35408072,35408073,35408074,35408075,35408076,35408077,35408078,35408079,35408080,35408081,35408082,35408083,35408084,35408085,35408086,35408087,35408088,35408089,35408090,35408091,35408092,35408093,35408094,35408095,35408096,35408097,35408098,35408099,35408100,35408101,35408102,35408103,35408104,35408105,35408106,35408107,35408108,35408109,35408110,35408111,35408112,35408113,35408114,35408115,35408116,35408117,35408118,35408119,35408120,35408121,35408122,35408123,35408124,35408125,35408126,35408127,35408128,35408129,35408130,35408131,35408132,35408133,35408134,35408135,35408136,35408137,35408138,35408139,35408140,35408141,35408142,35408143,35408144,35408145,35408146,35408147,35408148,35408149,35408150,35408151,35408152,35408153,35408154,35408155,35408156,35408157,35408158,35408159,35408160,35408161,35408162,35408163,35408164,35408165,35408166,35408167,35408168,35408169,35408170,35408171,35408172,35408173,35408174,35408175,35408176,35408177,35408178,35408179,35408180,35408181,35408182,35408183,35408184,35408185,35408186,35408187,35408188,35408189,35408190,35408191,35408192,35408193,35408194,35408195,35408196,35408197,35408198,35408199,35408200,35408201,35408202,35408203,35408204,35408205,35408206,35408207,35408208,35408209,35408210,35408211,35408212,35408213,35408214,35408215,35408216,35408217,35408218,35408219,35408220,35408221,35408222,35408223,35408224,35408225,35408226,35408227,35408228,35408229,35408230,35408231,35408232,35408233,35408234,35408235,35408236,35408237,35408238,35408239,35408240,35408241,35408242,35408243,35408244,35408245,35408246,35408247,35408248,35408249,35408250,35408251,35408252,35408253,35408254,35408255,35408256,35408257,35408258,35408259,35408260,35408261,35408262,35408263,35408264,35408265,35408266,35408267,35408268,35408269,35408270,35408271,35408272,35408273,35408274,35408275,35408276,35408277,35408278,35408279,35408280,35408281,35408282,35408283,35408284,35408285,35408286,35408287,35408288,35408289,35408290,35408291,35408292,35408293,35408294,35408295,35408296,35408297,35408298,35408299,35408300,35408301,35408302,35408303,35408304,35408305,35408306,35408307,35408308,35408309,35408310,35408311,35408312,35408313,35408314,35408315,35408316,35408317,35408318,35408319,35408320,35408321,35408322,35408323,35408324,35408325,35408326,35408327,35408328,35408329,35408330,35408331,35408332,35408333,35408334,35408335,35408336,35408337,35408338,35408339,35408340,35408341,35408342,35408343,35408344,35408345,35408346,35408347,35408348,35408349,35408350,35408351,35408352,35408353,35408354,35408355,35408356,35408357,35408358,35408359,35408360,35408361,35408362,35408363,35408364,35408365,35408366,35408367,35408368,35408369,35408370,35408371,35408372,35408373,35408374,35408375,35408376,35408377,35408378,35408379,35408380,35408381,35408382,35408383,35408384,35408385,35408386,35408387,35408388,35408389,35408390,35408391,35408392,35408393,35408394,35408395,35408396,35408397,35408398,35408399,35408400,35408401,35408402,35408403,35408404,35408405,35408406,35408407,35408408,35408409,35408410,35408411,35408412,35408413,35408414,35408415,35408416,35408417,35408418,35408419,35408420,35408421,35408422,35408423,35408424,35408425,35408426,35408427,35408428,35408429,35408430,35408431,35408432,35408433,35408434,35408435,35408436,35408437,35408438,35408439,35408440,35408441,35408442,35408443,35408444,35408445,35408446,35408447,35408448,35408449,35408450,35408451,35408452,35408453,35408454,35408455,35408456,35408457,35408458,35408459,35408460,35408461,35408462,35408463,35408464,35408465,35408466,35408467,35408468,35408469,35408470,35408471,35408472,35408473,35408474,35408475,35408476,35408477,35408478,35408479,35408480,35408481,35408482,35408483,35408484,35408485,35408486,35408487,35408488,35408489,35408490,35408491,35408492,35408493,35408494,35408495,35408496,35408497,35408498,35408499,35408500,35408501,35408502,35408503,35408504,35408505,35408506,35408507,35408508,35408509,35408510,35408511,35408512,35408513,35408514,35408515,35408516,35408517,35408518,35408519,35408520,35408521,35408522,35408523,35408524,35408525,35408526,35408527,35408528,35408529,35408530,35408531,35408532,35408533,35408534,35408535,35408536,35408537,35408538,35408539,35408540,35408541,35408542,35408543,35408544,35408545,35408546,35408547,35408548,35408549,35408550,35408551,35408552,35408553,35408554,35408555,35408556,35408557,35408558,35408559,35408560,35408561,35408562,35408563,35408564,35408565,35408566,35408567,35408568,35408569,35408570,35408571,35408572,35408573,35408574,35408575,35408576,35408577,35408578,35408579,35408580,35408581,35408582,35408583,35408584,35408585,35408586,35408587,35408588,35408589,35408590,35408591,35408592,35408593,35408594,35408595,35408596,35408597,35408598,35408599,35408600,35408601,35408602,35408603,35408604,35408605,35408606,35408607,35408608,35408609,35408610,35408611,35408612,35408613,35408614,35408615,35408616,35408617,35408618,35408619,35408620,35408621,35408622,35408623,35408624,35408625,35408626,35408627,35408628,35408629,35408630,35408631,35408632,35408633,35408634,35408635,35408636,35408637,35408638,35408639,35408640,35408641,35408642,35408643,35408644,35408645,35408646,35408647,35408648,35408649,35408650,35408651,35408652,35408653,35408654,35408655,35408656,35408657,35408658,35408659,35408660,35408661,35408662,35408663,35408664,35408665,35408666,35408667,35408668,35408669,35408670,35408671,35408672,35408673,35408674,35408675,35408676,35408677,35408678,35408679,35408680,35408681,35408682,35408683,35408684,35408685,35408686,35408687,35408688,35408689,35408690,35408691,35408692,35408693,35408694,35408695,35408696,35408697,35408698,35408699,35408700,35408701,35408702,35408703,35408704,35408705,35408706,35408707,35408708,35408709,35408710,35408711,35408712,35408713,35408714,35408715,35408716,35408717,35408718,35408719,35408720,35408721,35408722,35408723,35408724,35408725,35408726,35408727,35408728,35408729,35408730,35408731,35408732,35408733,35408734,35408735,35408736,35408737,35408738,35408739,35408740,35408741,35408742,35408743,35408744,35408745,35408746,35408747,35408748,35408749,35408750,35408751,35408752,35408753,35408754,35408755,35408756,35408757,35408758,35408759,35408760,35408761,35408762,35408763,35408764,35408765,35408766,35408767,35408768,35408769,35408770,35408771,35408772,35408773,35408774,35408775,35408776,35408777,35408778,35408779,35408780,35408781,35408782,35408783,35408784,35408785,35408786,35408787,35408788,35408789,35408790,35408791,35408792,35408793,35408794,35408795,35408796,35408797,35408798,35408799,35408800,35408801,35408802,35408803,35408804,35408805,35408806,35408807,35408808,35408809,35408810,35408811,35408812,35408813,35408814,35408815,35408816,35408817,35408818,35408819,35408820,35408821,35408822,35408823,35408824,35408825,35408826,35408827,35408828,35408829,35408830,35408831,35408832,35408833,35408834,35408835,35408836,35408837,35408838,35408839,35408840,35408841,35408842,35408843,35408844,35408845,35408846,35408847,35408848,35408849,35408850,35408851,35408852,35408853,35408854,35408855,35408856,35408857,35408858,35408859,35408860,35408861,35408862,35408863,35408864,35408865,35408866,35408867,35408868,35408869,35408870,35408871,35408872,35408873,35408874,35408875,35408876,35408877,35408878,35408879,35408880,35408881,35408882,35408883,35408884,35408885,35408886,35408887,35408888,35408889,35408890,35408891,35408892,35408893,35408894,35408895,35408896,35408897,35408898,35408899,35408900,35408901,35408902,35408903,35408904,35408905,35408906,35408907,35408908,35408909,35408910,35408911,35408912,35408913,35408914,35408915,35408916,35408917,35408918,35408919,35408920,35408921,35408922,35408923,35408924,35408925,35408926,35408927,35408928,35408929,35408930,35408931,35408932,35408933,35408934,35408935,35408936,35408937,35408938,35408939,35408940,35408941,35408942,35408943,35408944,35408945,35408946,35408947,35408948,35408949,35408950,35408951,35408952,35408953,35408954,35408955,35408956,35408957,35408958,35408959,35408960,35408961,35408962,35408963,35408964,35408965,35408966,35408967,35408968,35408969,35408970,35408971,35408972,35408973,35408974,35408975,35408976,35408977,35408978,35408979,35408980,35408981,35408982,35408983,35408984,35408985,35408986,35408987,35408988,35408989,35408990,35408991,35408992,35408993,35408994,35408995,35408996,35408997,35408998,35408999,35409000,35409001,35409002,35409003,35409004,35409005,35409006,35409007,35409008,35409009,35409010,35409011,35409012,35409013,35409014,35409015,35409016,35409017,35409018,35409019,35409020,35409021,35409022,35409023,35409024,35409025,35409026,35409027,35409028,35409029,35409030,35409031,35409032,35409033,35409034,35409035,35409036,35409037,35409038,35409039,35409040,35409041,35409042,35409043,35409044,35409045,35409046,35409047,35409048,35409049,35409050,35409051,35409052,35409053,35409054,35409055,35409056,35409057,35409058,35409059,35409060,35409061,35409062,35409063,35409064,35409065,35409066,35409067,35409068,35409069,35409070,35409071,35409072,35409073,35409074,35409075,35409076,35409077,35409078,35409079,35409080,35409081,35409082,35409083,35409084,35409085,35409086,35409087,35409088,35409089,35409090,35409091,35409092,35409093,35409094,35409095,35409096,35409097,35409098,35409099,35409100,35409101,35409102,35409103,35409104,35409105,35409106,35409107,35409108,35409109,35409110,35409111,35409112,35409113,35409114,35409115,35409116,35409117,35409118,35409119,35409120,35409121,35409122,35409123,35409124,35409125,35409126,35409127,35409128,35409129,35409130,35409131,35409132,35409133,35409134,35409135,35409136,35409137,35409138,35409139,35409140,35409141,35409142,35409143,35409144,35409145,35409146,35409147,35409148,35409149,35409150,35409151,35409152,35409153,35409154,35409155,35409156,35409157,35409158,35409159,35409160,35409161,35409162,35409163,35409164,35409165,35409166,35409167,35409168,35409169,35409170,35409171,35409172,35409173,35409174,35409175,35409176,35409177,35409178,35409179,35409180,35409181,35409182,35409183,35409184,35409185,35409186,35409187,35409188,35409189,35409190,35409191,35409192,35409193,35409194,35409195,35409196,35409197,35409198,35409199,35409200,35409201,35409202,35409203,35409204,35409205,35409206,35409207,35409208,35409209,35409210,35409211,35409212,35409213,35409214,35409215,35409216,35409217,35409218,35409219,35409220,35409221,35409222,35409223,35409224,35409225,35409226,35409227,35409228,35409229,35409230,35409231,35409232,35409233,35409234,35409235,35409236,35409237,35409238,35409239,35409240,35409241,35409242,35409243,35409244,35409245,35409246,35409247,35409248,35409249,35409250,35409251,35409252,35409253,35409254,35409255,35409256,35409257,35409258,35409259,35409260,35409261,35409262,35409263,35409264,35409265,35409266,35409267,35409268,35409269,35409270,35409271,35409272,35409273,35409274,35409275,35409276,35409277,35409278,35409279,35409280,35409281,35409282,35409283,35409284,35409285,35409286,35409287,35409288,35409289,35409290,35409291,35409292,35409293,35409294,35409295,35409296,35409297,35409298,35409299,35409300,35409301,35409302,35409303,35409304,35409305,35409306,35409307,35409308,35409309,35409310,35409311,35409312,35409313,35409314,35409315,35409316,35409317,35409318,35409319,35409320,35409321,35409322,35409323,35409324,35409325,35409326,35409327,35409328,35409329,35409330,35409331,35409332,35409333,35409334,35409335,35409336,35409337,35409338,35409339,35409340,35409341,35409342,35409343,35409344,35409345,35409346,35409347,35409348,35409349,35409350,35409351,35409352,35409353,35409354,35409355,35409356,35409357,35409358,35409359,35409360,35409361,35409362,35409363,35409364,35409365,35409366,35409367,35409368,35409369,35409370,35409371,35409372,35409373,35409374,35409375,35409376,35409377,35409378,35409379,35409380,35409381,35409382,35409383,35409384,35409385,35409386,35409387,35409388,35409389,35409390,35409391,35409392,35409393,35409394,35409395,35409396,35409397,35409398,35409399,35409400,35409401,35409402,35409403,35409404,35409405,35409406,35409407,35409408,35409409,35409410,35409411,35409412,35409413,35409414,35409415,35409416,35409417,35409418,35409419,35409420,35409421,35409422,35409423,35409424,35409425,35409426,35409427,35409428,35409429,35409430,35409431,35409432,35409433,35409434,35409435,35409436,35409437,35409438,35409439,35409440,35409441,35409442,35409443,35409444,35409445,35409446,35409447,35409448,35409449,35409450,35409451,35409452,35409453,35409454,35409455,35409456,35409457,35409458,35409459,35409460,35409461,35409462,35409463,35409464,35409465,35409466,35409467,35409468,35409469,35409470,35409471,35409472,35409473,35409474,35409475,35409476,35409477,35409478,35409479,35409480,35409481,35409482,35409483,35409484,35409485,35409486,35409487,35409488,35409489,35409490,35409491,35409492,35409493,35409494,35409495,35409496,35409497,35409498,35409499,35409500,35409501,35409502,35409503,35409504,35409505,35409506,35409507,35409508,35409509,35409510,35409511,35409512,35409513,35409514,35409515,35409516,35409517,35409518,35409519,35409520,35409521,35409522,35409523,35409524,35409525,35409526,35409527,35409528,35409529,35409530,35409531,35409532,35409533,35409534,35409535,35409536,35409537,35409538,35409539,35409540,35409541,35409542,35409543,35409544,35409545,35409546,35409547,35409548,35409549,35409550,35409551,35409552,35409553,35409554,35409555,35409556,35409557,35409558,35409559,35409560,35409561,35409562,35409563,35409564,35409565,35409566,35409567,35409568,35409569,35409570,35409571,35409572,35409573,35409574,35409575,35409576,35409577,35409578,35409579,35409580,35409581,35409582,35409583,35409584,35409585,35409586,35409587,35409588,35409589,35409590,35409591,35409592,35409593,35409594,35409595,35409596,35409597,35409598,35409599,35409600,35409601,35409602,35409603,35409604,35409605,35409606,35409607,35409608,35409609,35409610,35409611,35409612,35409613,35409614,35409615,35409616,35409617,35409618,35409619,35409620,35409621,35409622,35409623,35409624,35409625,35409626,35409627,35409628,35409629,35409630,35409631,35409632,35409633,35409634,35409635,35409636,35409637,35409638,35409639,35409640,35409641,35409642,35409643,35409644,35409645,35409646,35409647,35409648,35409649,35409650,35409651,35409652,35409653,35409654,35409655,35409656,35409657,35409658,35409659,35409660,35409661,35409662,35409663,35409664,35409665,35409666,35409667,35409668,35409669,35409670,35409671,35409672,35409673,35409674,35409675,35409676,35409677,35409678,35409679,35409680,35409681,35409682,35409683,35409684,35409685,35409686,35409687,35409688,35409689,35409690,35409691,35409692,35409693,35409694,35409695,35409696,35409697,35409698,35409699,35409700,35409701,35409702,35409703,35409704,35409705,35409706,35409707,35409708,35409709,35409710,35409711,35409712,35409713,35409714,35409715,35409716,35409717,35409718,35409719,35409720,35409721,35409722,35409723,35409724,35409725,35409726,35409727,35409728,35409729,35409730,35409731,35409732,35409733,35409734,35409735,35409736,35409737,35409738,35409739,35409740,35409741,35409742,35409743,35409744,35409745,35409746,35409747,35409748,35409749,35409750,35409751,35409752,35409753,35409754,35409755,35409756,35409757,35409758,35409759,35409760,35409761,35409762,35409763,35409764,35409765,35409766,35409767,35409768,35409769,35409770,35409771,35409772,35409773,35409774,35409775,35409776,35409777,35409778,35409779,35409780,35409781,35409782,35409783,35409784,35409785,35409786,35409787,35409788,35409789,35409790,35409791,35409792,35409793,35409794,35409795,35409796,35409797,35409798,35409799,35409800,35409801,35409802,35409803,35409804,35409805,35409806,35409807,35409808,35409809,35409810,35409811,35409812,35409813,35409814,35409815,35409816,35409817,35409818,35409819,35409820,35409821,35409822,35409823,35409824,35409825,35409826,35409827,35409828,35409829,35409830,35409831,35409832,35409833,35409834,35409835,35409836,35409837,35409838,35409839,35409840,35409841,35409842,35409843,35409844,35409845,35409846,35409847,35409848,35409849,35409850,35409851,35409852,35409853,35409854,35409855,35409856,35409857,35409858,35409859,35409860,35409861,35409862,35409863,35409864,35409865,35409866,35409867,35409868,35409869,35409870,35409871,35409872,35409873,35409874,35409875,35409876,35409877,35409878,35409879,35409880,35409881,35409882,35409883,35409884,35409885,35409886,35409887,35409888,35409889,35409890,35409891,35409892,35409893,35409894,35409895,35409896,35409897,35409898,35409899,35409900,35409901,35409902,35409903,35409904,35409905,35409906,35409907,35409908,35409909,35409910,35409911,35409912,35409913,35409914,35409915,35409916,35409917,35409918,35409919,35409920,35409921,35409922,35409923,35409924,35409925,35409926,35409927,35409928,35409929,35409930,35409931,35409932,35409933,35409934,35409935,35409936,35409937,35409938,35409939,35409940,35409941,35409942,35409943,35409944,35409945,35409946,35409947,35409948,35409949,35409950,35409951,35409952,35409953,35409954,35409955,35409956,35409957,35409958,35409959,35409960,35409961,35409962,35409963,35409964,35409965,35409966,35409967,35409968,35409969,35409970,35409971,35409972,35409973,35409974,35409975,35409976,35409977,35409978,35409979,35409980,35409981,35409982,35409983,35409984,35409985,35409986,35409987,35409988,35409989,35409990,35409991,35409992,35409993,35409994,35409995,35409996,35409997,35409998,35409999,35410000,35410001,35410002,35410003,35410004,35410005,35410006,35410007,35410008,35410009,35410010,35410011,35410012,35410013,35410014,35410015,35410016,35410017,35410018,35410019,35410020,35410021,35410022,35410023,35410024,35410025,35410026,35410027,35410028,35410029,35410030,35410031,35410032,35410033,35410034,35410035,35410036,35410037,35410038,35410039,35410040,35410041,35410042,35410043,35410044,35410045,35410046,35410047,35410048,35410049,35410050,35410051,35410052,35410053,35410054,35410055,35410056,35410057,35410058,35410059,35410060,35410061,35410062,35410063,35410064,35410065,35410066,35410067,35410068,35410069,35410070,35410071,35410072,35410073,35410074,35410075,35410076,35410077,35410078,35410079,35410080,35410081,35410082,35410083,35410084,35410085,35410086,35410087,35410088,35410089,35410090,35410091,35410092,35410093,35410094,35410095,35410096,35410097,35410098,35410099,35410100,35410101,35410102,35410103,35410104,35410105,35410106,35410107,35410108,35410109,35410110,35410111,35410112,35410113,35410114,35410115,35410116,35410117,35410118,35410119,35410120,35410121,35410122,35410123,35410124,35410125,35410126,35410127,35410128,35410129,35410130,35410131,35410132,35410133,35410134,35410135,35410136,35410137,35410138,35410139,35410140,35410141,35410142,35410143,35410144,35410145,35410146,35410147,35410148,35410149,35410150,35410151,35410152,35410153,35410154,35410155,35410156,35410157,35410158,35410159,35410160,35410161,35410162,35410163,35410164,35410165,35410166,35410167,35410168,35410169,35410170,35410171,35410172,35410173,35410174,35410175,35410176,35410177,35410178,35410179,35410180,35410181,35410182,35410183,35410184,35410185,35410186,35410187,35410188,35410189,35410190,35410191,35410192,35410193,35410194,35410195,35410196,35410197,35410198,35410199,35410200,35410201,35410202,35410203,35410204,35410205,35410206,35410207,35410208,35410209,35410210,35410211,35410212,35410213,35410214,35410215,35410216,35410217,35410218,35410219,35410220,35410221,35410222,35410223,35410224,35410225,35410226,35410227,35410228,35410229,35410230,35410231,35410232,35410233,35410234,35410235,35410236,35410237,35410238,35410239,35410240,35410241,35410242,35410243,35410244,35410245,35410246,35410247,35410248,35410249,35410250,35410251,35410252,35410253,35410254,35410255,35410256,35410257,35410258,35410259,35410260,35410261,35410262,35410263,35410264,35410265,35410266,35410267,35410268,35410269,35410270,35410271,35410272,35410273,35410274,35410275,35410276,35410277,35410278,35410279,35410280,35410281,35410282,35410283,35410284,35410285,35410286,35410287,35410288,35410289,35410290,35410291,35410292,35410293,35410294,35410295,35410296,35410297,35410298,35410299,35410300,35410301,35410302,35410303,35410304,35410305,35410306,35410307,35410308,35410309,35410310,35410311,35410312,35410313,35410314,35410315,35410316,35410317,35410318,35410319,35410320,35410321,35410322,35410323,35410324,35410325,35410326,35410327,35410328,35410329,35410330,35410331,35410332,35410333,35410334,35410335,35410336,35410337,35410338,35410339,35410340,35410341,35410342,35410343,35410344,35410345,35410346,35410347,35410348,35410349,35410350,35410351,35410352,35410353,35410354,35410355,35410356,35410357,35410358,35410359,35410360,35410361,35410362,35410363,35410364,35410365,35410366,35410367,35410368,35410369,35410370,35410371,35410372,35410373,35410374,35410375,35410376,35410377,35410378,35410379,35410380,35410381,35410382,35410383,35410384,35410385,35410386,35410387,35410388,35410389,35410390,35410391,35410392,35410393,35410394,35410395,35410396,35410397,35410398,35410399,35410400,35410401,35410402,35410403,35410404,35410405,35410406,35410407,35410408,35410409,35410410,35410411,35410412,35410413,35410414,35410415,35410416,35410417,35410418,35410419,35410420,35410421,35410422,35410423,35410424,35410425,35410426,35410427,35410428,35410429,35410430,35410431,35410432,35410433,35410434,35410435,35410436,35410437,35410438,35410439,35410440,35410441,35410442,35410443,35410444,35410445,35410446,35410447,35410448,35410449,35410450,35410451,35410452,35410453,35410454,35410455,35410456,35410457,35410458,35410459,35410460,35410461,35410462,35410463,35410464,35410465,35410466,35410467,35410468,35410469,35410470,35410471,35410472,35410473,35410474,35410475,35410476,35410477,35410478,35410479,35410480,35410481,35410482,35410483,35410484,35410485,35410486,35410487,35410488,35410489,35410490,35410491,35410492,35410493,35410494,35410495,35410496,35410497,35410498,35410499,35410500,35410501,35410502,35410503,35410504,35410505,35410506,35410507,35410508,35410509,35410510,35410511,35410512,35410513,35410514,35410515,35410516,35410517,35410518,35410519,35410520,35410521,35410522,35410523,35410524,35410525,35410526,35410527,35410528,35410529,35410530,35410531,35410532,35410533,35410534,35410535,35410536,35410537,35410538,35410539,35410540,35410541,35410542,35410543,35410544,35410545,35410546,35410547,35410548,35410549,35410550,35410551,35410552,35410553,35410554,35410555,35410556,35410557,35410558,35410559,35410560,35410561,35410562,35410563,35410564,35410565,35410566,35410567,35410568,35410569,35410570,35410571,35410572,35410573,35410574,35410575,35410576,35410577,35410578,35410579,35410580,35410581,35410582,35410583,35410584,35410585,35410586,35410587,35410588,35410589,35410590,35410591,35410592,35410593,35410594,35410595,35410596,35410597,35410598,35410599,35410600,35410601,35410602,35410603,35410604,35410605,35410606,35410607,35410608,35410609,35410610,35410611,35410612,35410613,35410614,35410615,35410616,35410617,35410618,35410619,35410620,35410621,35410622,35410623,35410624,35410625,35410626,35410627,35410628,35410629,35410630,35410631,35410632,35410633,35410634,35410635,35410636,35410637,35410638,35410639,35410640,35410641,35410642,35410643,35410644,35410645,35410646,35410647,35410648,35410649,35410650,35410651,35410652,35410653,35410654,35410655,35410656,35410657,35410658,35410659,35410660,35410661,35410662,35410663,35410664,35410665,35410666,35410667,35410668,35410669,35410670,35410671,35410672,35410673,35410674,35410675,35410676,35410677,35410678,35410679,35410680,35410681,35410682,35410683,35410684,35410685,35410686,35410687,35410688,35410689,35410690,35410691,35410692,35410693,35410694,35410695,35410696,35410697,35410698,35410699,35410700,35410701,35410702,35410703,35410704,35410705,35410706,35410707,35410708,35410709,35410710,35410711,35410712,35410713,35410714,35410715,35410716,35410717,35410718,35410719,35410720,35410721,35410722,35410723,35410724,35410725,35410726,35410727,35410728,35410729,35410730,35410731,35410732,35410733,35410734,35410735,35410736,35410737,35410738,35410739,35410740,35410741,35410742,35410743,35410744,35410745,35410746,35410747,35410748,35410749,35410750,35410751,35410752,35410753,35410754,35410755,35410756,35410757,35410758,35410759,35410760,35410761,35410762,35410763,35410764,35410765,35410766,35410767,35410768,35410769,35410770,35410771,35410772,35410773,35410774,35410775,35410776,35410777,35410778,35410779,35410780,35410781,35410782,35410783,35410784,35410785,35410786,35410787,35410788,35410789,35410790,35410791,35410792,35410793,35410794,35410795,35410796,35410797,35410798,35410799,35410800,35410801,35410802,35410803,35410804,35410805,35410806,35410807,35410808,35410809,35410810,35410811,35410812,35410813,35410814,35410815,35410816,35410817,35410818,35410819,35410820,35410821,35410822,35410823,35410824,35410825,35410826,35410827,35410828,35410829,35410830,35410831,35410832,35410833,35410834,35410835,35410836,35410837,35410838,35410839,35410840,35410841,35410842,35410843,35410844,35410845,35410846,35410847,35410848,35410849,35410850,35410851,35410852,35410853,35410854,35410855,35410856,35410857,35410858,35410859,35410860,35410861,35410862,35410863,35410864,35410865,35410866,35410867,35410868,35410869,35410870,35410871,35410872,35410873,35410874,35410875,35410876,35410877,35410878,35410879,35410880,35410881,35410882,35410883,35410884,35410885,35410886,35410887,35410888,35410889,35410890,35410891,35410892,35410893,35410894,35410895,35410896,35410897,35410898,35410899,35410900,35410901,35410902,35410903,35410904,35410905,35410906,35410907,35410908,35410909,35410910,35410911,35410912,35410913,35410914,35410915,35410916,35410917,35410918,35410919,35410920,35410921,35410922,35410923,35410924,35410925,35410926,35410927,35410928,35410929,35410930,35410931,35410932,35410933,35410934,35410935,35410936,35410937,35410938,35410939,35410940,35410941,35410942,35410943,35410944,35410945,35410946,35410947,35410948,35410949,35410950,35410951,35410952,35410953,35410954,35410955,35410956,35410957,35410958,35410959,35410960,35410961,35410962,35410963,35410964,35410965,35410966,35410967,35410968,35410969,35410970,35410971,35410972,35410973,35410974,35410975,35410976,35410977,35410978,35410979,35410980,35410981,35410982,35410983,35410984,35410985,35410986,35410987,35410988,35410989,35410990,35410991,35410992,35410993,35410994,35410995,35410996,35410997,35410998,35410999,35411000,35411001,35411002,35411003,35411004,35411005,35411006,35411007,35411008,35411009,35411010,35411011,35411012,35411013,35411014,35411015,35411016,35411017,35411018,35411019,35411020,35411021,35411022,35411023,35411024,35411025,35411026,35411027,35411028,35411029,35411030,35411031,35411032,35411033,35411034,35411035,35411036,35411037,35411038,35411039,35411040,35411041,35411042,35411043,35411044,35411045,35411046,35411047,35411048,35411049,35411050,35411051,35411052,35411053,35411054,35411055,35411056,35411057,35411058,35411059,35411060,35411061,35411062,35411063,35411064,35411065,35411066,35411067,35411068,35411069,35411070,35411071,35411072,35411073,35411074,35411075,35411076,35411077,35411078,35411079,35411080,35411081,35411082,35411083,35411084,35411085,35411086,35411087,35411088,35411089,35411090,35411091,35411092,35411093,35411094,35411095,35411096,35411097,35411098,35411099,35411100,35411101,35411102,35411103,35411104,35411105,35411106,35411107,35411108,35411109,35411110,35411111,35411112,35411113,35411114,35411115,35411116,35411117,35411118,35411119,35411120,35411121,35411122,35411123,35411124,35411125,35411126,35411127,35411128,35411129,35411130,35411131,35411132,35411133,35411134,35411135,35411136,35411137,35411138,35411139,35411140,35411141,35411142,35411143,35411144,35411145,35411146,35411147,35411148,35411149,35411150,35411151,35411152,35411153,35411154,35411155,35411156,35411157,35411158,35411159,35411160,35411161,35411162,35411163,35411164,35411165,35411166,35411167,35411168,35411169,35411170,35411171,35411172,35411173,35411174,35411175,35411176,35411177,35411178,35411179,35411180,35411181,35411182,35411183,35411184,35411185,35411186,35411187,35411188,35411189,35411190,35411191,35411192,35411193,35411194,35411195,35411196,35411197,35411198,35411199,35411200,35411201,35411202,35411203,35411204,35411205,35411206,35411207,35411208,35411209,35411210,35411211,35411212,35411213,35411214,35411215,35411216,35411217,35411218,35411219,35411220,35411221,35411222,35411223,35411224,35411225,35411226,35411227,35411228,35411229,35411230,35411231,35411232,35411233,35411234,35411235,35411236,35411237,35411238,35411239,35411240,35411241,35411242,35411243,35411244,35411245,35411246,35411247,35411248,35411249,35411250,35411251,35411252,35411253,35411254,35411255,35411256,35411257,35411258,35411259,35411260,35411261,35411262,35411263,35411264,35411265,35411266,35411267,35411268,35411269,35411270,35411271,35411272,35411273,35411274,35411275,35411276,35411277,35411278,35411279,35411280,35411281,35411282,35411283,35411284,35411285,35411286,35411287,35411288,35411289,35411290,35411291,35411292,35411293,35411294,35411295,35411296,35411297,35411298,35411299,35411300,35411301,35411302,35411303,35411304,35411305,35411306,35411307,35411308,35411309,35411310,35411311,35411312,35411313,35411314,35411315,35411316,35411317,35411318,35411319,35411320,35411321,35411322,35411323,35411324,35411325,35411326,35411327,35411328,35411329,35411330,35411331,35411332,35411333,35411334,35411335,35411336,35411337,35411338,35411339,35411340,35411341,35411342,35411343,35411344,35411345,35411346,35411347,35411348,35411349,35411350,35411351,35411352,35411353,35411354,35411355,35411356,35411357,35411358,35411359,35411360,35411361,35411362,35411363,35411364,35411365,35411366,35411367,35411368,35411369,35411370,35411371,35411372,35411373,35411374,35411375,35411376,35411377,35411378,35411379,35411380,35411381,35411382,35411383,35411384,35411385,35411386,35411387,35411388,35411389,35411390,35411391,35411392,35411393,35411394,35411395,35411396,35411397,35411398,35411399,35411400,35411401,35411402,35411403,35411404,35411405,35411406,35411407,35411408,35411409,35411410,35411411,35411412,35411413,35411414,35411415,35411416,35411417,35411418,35411419,35411420,35411421,35411422,35411423,35411424,35411425,35411426,35411427,35411428,35411429,35411430,35411431,35411432,35411433,35411434,35411435,35411436,35411437,35411438,35411439,35411440,35411441,35411442,35411443,35411444,35411445,35411446,35411447,35411448,35411449,35411450,35411451,35411452,35411453,35411454,35411455,35411456,35411457,35411458,35411459,35411460,35411461,35411462,35411463,35411464,35411465,35411466,35411467,35411468,35411469,35411470,35411471,35411472,35411473,35411474,35411475,35411476,35411477,35411478,35411479,35411480,35411481,35411482,35411483,35411484,35411485,35411486,35411487,35411488,35411489,35411490,35411491,35411492,35411493,35411494,35411495,35411496,35411497,35411498,35411499,35411500,35411501,35411502,35411503,35411504,35411505,35411506,35411507,35411508,35411509,35411510,35411511,35411512,35411513,35411514,35411515,35411516,35411517,35411518,35411519,35411520,35411521,35411522,35411523,35411524,35411525,35411526,35411527,35411528,35411529,35411530,35411531,35411532,35411533,35411534,35411535,35411536,35411537,35411538,35411539,35411540,35411541,35411542,35411543,35411544,35411545,35411546,35411547,35411548,35411549,35411550,35411551,35411552,35411553,35411554,35411555,35411556,35411557,35411558,35411559,35411560,35411561,35411562,35411563,35411564,35411565,35411566,35411567,35411568,35411569,35411570,35411571,35411572,35411573,35411574,35411575,35411576,35411577,35411578,35411579,35411580,35411581,35411582,35411583,35411584,35411585,35411586,35411587,35411588,35411589,35411590,35411591,35411592,35411593,35411594,35411595,35411596,35411597,35411598,35411599,35411600,35411601,35411602,35411603,35411604,35411605,35411606,35411607,35411608,35411609,35411610,35411611,35411612,35411613,35411614,35411615,35411616,35411617,35411618,35411619,35411620,35411621,35411622,35411623,35411624,35411625,35411626,35411627,35411628,35411629,35411630,35411631,35411632,35411633,35411634,35411635,35411636,35411637,35411638,35411639,35411640,35411641,35411642,35411643,35411644,35411645,35411646,35411647,35411648,35411649,35411650,35411651,35411652,35411653,35411654,35411655,35411656,35411657,35411658,35411659,35411660,35411661,35411662,35411663,35411664,35411665,35411666,35411667,35411668,35411669,35411670,35411671,35411672,35411673,35411674,35411675,35411676,35411677,35411678,35411679,35411680,35411681,35411682,35411683,35411684,35411685,35411686,35411687,35411688,35411689,35411690,35411691,35411692,35411693,35411694,35411695,35411696,35411697,35411698,35411699,35411700,35411701,35411702,35411703,35411704,35411705,35411706,35411707,35411708,35411709,35411710,35411711,35411712,35411713,35411714,35411715,35411716,35411717,35411718,35411719,35411720,35411721,35411722,35411723,35411724,35411725,35411726,35411727,35411728,35411729,35411730,35411731,35411732,35411733,35411734,35411735,35411736,35411737,35411738,35411739,35411740,35411741,35411742,35411743,35411744,35411745,35411746,35411747,35411748,35411749,35411750,35411751,35411752,35411753,35411754,35411755,35411756,35411757,35411758,35411759,35411760,35411761,35411762,35411763,35411764,35411765,35411766,35411767,35411768,35411769,35411770,35411771,35411772,35411773,35411774,35411775,35411776,35411777,35411778,35411779,35411780,35411781,35411782,35411783,35411784,35411785,35411786,35411787,35411788,35411789,35411790,35411791,35411792,35411793,35411794,35411795,35411796,35411797,35411798,35411799,35411800,35411801,35411802,35411803,35411804,35411805,35411806,35411807,35411808,35411809,35411810,35411811,35411812,35411813,35411814,35411815,35411816,35411817,35411818,35411819,35411820,35411821,35411822,35411823,35411824,35411825,35411826,35411827,35411828,35411829,35411830,35411831,35411832,35411833,35411834,35411835,35411836,35411837,35411838,35411839,35411840,35411841,35411842,35411843,35411844,35411845,35411846,35411847,35411848,35411849,35411850,35411851,35411852,35411853,35411854,35411855,35411856,35411857,35411858,35411859,35411860,35411861,35411862,35411863,35411864,35411865,35411866,35411867,35411868,35411869,35411870,35411871,35411872,35411873,35411874,35411875,35411876,35411877,35411878,35411879,35411880,35411881,35411882,35411883,35411884,35411885,35411886,35411887,35411888,35411889,35411890,35411891,35411892,35411893,35411894,35411895,35411896,35411897,35411898,35411899,35411900,35411901,35411902,35411903,35411904,35411905,35411906,35411907,35411908,35411909,35411910,35411911,35411912,35411913,35411914,35411915,35411916,35411917,35411918,35411919,35411920,35411921,35411922,35411923,35411924,35411925,35411926,35411927,35411928,35411929,35411930,35411931,35411932,35411933,35411934,35411935,35411936,35411937,35411938,35411939,35411940,35411941,35411942,35411943,35411944,35411945,35411946,35411947,35411948,35411949,35411950,35411951,35411952,35411953,35411954,35411955,35411956,35411957,35411958,35411959,35411960,35411961,35411962,35411963,35411964,35411965,35411966,35411967,35411968,35411969,35411970,35411971,35411972,35411973,35411974,35411975,35411976,35411977,35411978,35411979,35411980,35411981,35411982,35411983,35411984,35411985,35411986,35411987,35411988,35411989,35411990,35411991,35411992,35411993,35411994,35411995,35411996,35411997,35411998,35411999,35412000,35412001,35412002,35412003,35412004,35412005,35412006,35412007,35412008,35412009,35412010,35412011,35412012,35412013,35412014,35412015,35412016,35412017,35412018,35412019,35412020,35412021,35412022,35412023,35412024,35412025,35412026,35412027,35412028,35412029,35412030,35412031,35412032,35412033,35412034,35412035,35412036,35412037,35412038,35412039,35412040,35412041,35412042,35412043,35412044,35412045,35412046,35412047,35412048,35412049,35412050,35412051,35412052,35412053,35412054,35412055,35412056,35412057,35412058,35412059,35412060,35412061,35412062,35412063,35412064,35412065,35412066,35412067,35412068,35412069,35412070,35412071,35412072,35412073,35412074,35412075,35412076,35412077,35412078,35412079,35412080,35412081,35412082,35412083,35412084,35412085,35412086,35412087,35412088,35412089,35412090,35412091,35412092,35412093,35412094,35412095,35412096,35412097,35412098,35412099,35412100,35412101,35412102,35412103,35412104,35412105,35412106,35412107,35412108,35412109,35412110,35412111,35412112,35412113,35412114,35412115,35412116,35412117,35412118,35412119,35412120,35412121,35412122,35412123,35412124,35412125,35412126,35412127,35412128,35412129,35412130,35412131,35412132,35412133,35412134,35412135,35412136,35412137,35412138,35412139,35412140,35412141,35412142,35412143,35412144,35412145,35412146,35412147,35412148,35412149,35412150,35412151,35412152,35412153,35412154,35412155,35412156,35412157,35412158,35412159,35412160,35412161,35412162,35412163,35412164,35412165,35412166,35412167,35412168,35412169,35412170,35412171,35412172,35412173,35412174,35412175,35412176,35412177,35412178,35412179,35412180,35412181,35412182,35412183,35412184,35412185,35412186,35412187,35412188,35412189,35412190,35412191,35412192,35412193,35412194,35412195,35412196,35412197,35412198,35412199,35412200,35412201,35412202,35412203,35412204,35412205,35412206,35412207,35412208,35412209,35412210,35412211,35412212,35412213,35412214,35412215,35412216,35412217,35412218,35412219,35412220,35412221,35412222,35412223,35412224,35412225,35412226,35412227,35412228,35412229,35412230,35412231,35412232,35412233,35412234,35412235,35412236,35412237,35412238,35412239,35412240,35412241,35412242,35412243,35412244,35412245,35412246,35412247,35412248,35412249,35412250,35412251,35412252,35412253,35412254,35412255,35412256,35412257,35412258,35412259,35412260,35412261,35412262,35412263,35412264,35412265,35412266,35412267,35412268,35412269,35412270,35412271,35412272,35412273,35412274,35412275,35412276,35412277,35412278,35412279,35412280,35412281,35412282,35412283,35412284,35412285,35412286,35412287,35412288,35412289,35412290,35412291,35412292,35412293,35412294,35412295,35412296,35412297,35412298,35412299,35412300,35412301,35412302,35412303,35412304,35412305,35412306,35412307,35412308,35412309,35412310,35412311,35412312,35412313,35412314,35412315,35412316,35412317,35412318,35412319,35412320,35412321,35412322,35412323,35412324,35412325,35412326,35412327,35412328,35412329,35412330,35412331,35412332,35412333,35412334,35412335,35412336,35412337,35412338,35412339,35412340,35412341,35412342,35412343,35412344,35412345,35412346,35412347,35412348,35412349,35412350,35412351,35412352,35412353,35412354,35412355,35412356,35412357,35412358,35412359,35412360,35412361,35412362,35412363,35412364,35412365,35412366,35412367,35412368,35412369,35412370,35412371,35412372,35412373,35412374,35412375,35412376,35412377,35412378,35412379,35412380,35412381,35412382,35412383,35412384,35412385,35412386,35412387,35412388,35412389,35412390,35412391,35412392,35412393,35412394,35412395,35412396,35412397,35412398,35412399,35412400,35412401,35412402,35412403,35412404,35412405,35412406,35412407,35412408,35412409,35412410,35412411,35412412,35412413,35412414,35412415,35412416,35412417,35412418,35412419,35412420,35412421,35412422,35412423,35412424,35412425,35412426,35412427,35412428,35412429,35412430,35412431,35412432,35412433,35412434,35412435,35412436,35412437,35412438,35412439,35412440,35412441,35412442,35412443,35412444,35412445,35412446,35412447,35412448,35412449,35412450,35412451,35412452,35412453,35412454,35412455,35412456,35412457,35412458,35412459,35412460,35412461,35412462,35412463,35412464,35412465,35412466,35412467,35412468,35412469,35412470,35412471,35412472,35412473,35412474,35412475,35412476,35412477,35412478,35412479,35412480,35412481,35412482,35412483,35412484,35412485,35412486,35412487,35412488,35412489,35412490,35412491,35412492,35412493,35412494,35412495,35412496,35412497,35412498,35412499,35412500,35412501,35412502,35412503,35412504,35412505,35412506,35412507,35412508,35412509,35412510,35412511,35412512,35412513,35412514,35412515,35412516,35412517,35412518,35412519,35412520,35412521,35412522,35412523,35412524,35412525,35412526,35412527,35412528,35412529,35412530,35412531,35412532,35412533,35412534,35412535,35412536,35412537,35412538,35412539,35412540,35412541,35412542,35412543,35412544,35412545,35412546,35412547,35412548,35412549,35412550,35412551,35412552,35412553,35412554,35412555,35412556,35412557,35412558,35412559,35412560,35412561,35412562,35412563,35412564,35412565,35412566,35412567,35412568,35412569,35412570,35412571,35412572,35412573,35412574,35412575,35412576,35412577,35412578,35412579,35412580,35412581,35412582,35412583,35412584,35412585,35412586,35412587,35412588,35412589,35412590,35412591,35412592,35412593,35412594,35412595,35412596,35412597,35412598,35412599,35412600,35412601,35412602,35412603,35412604,35412605,35412606,35412607,35412608,35412609,35412610,35412611,35412612,35412613,35412614,35412615,35412616,35412617,35412618,35412619,35412620,35412621,35412622,35412623,35412624,35412625,35412626,35412627,35412628,35412629,35412630,35412631,35412632,35412633,35412634,35412635,35412636,35412637,35412638,35412639,35412640,35412641,35412642,35412643,35412644,35412645,35412646,35412647,35412648,35412649,35412650,35412651,35412652,35412653,35412654,35412655,35412656,35412657,35412658,35412659,35412660,35412661,35412662,35412663,35412664,35412665,35412666,35412667,35412668,35412669,35412670,35412671,35412672,35412673,35412674,35412675,35412676,35412677,35412678,35412679,35412680,35412681,35412682,35412683,35412684,35412685,35412686,35412687,35412688,35412689,35412690,35412691,35412692,35412693,35412694,35412695,35412696,35412697,35412698,35412699,35412700,35412701,35412702,35412703,35412704,35412705,35412706,35412707,35412708,35412709,35412710,35412711,35412712,35412713,35412714,35412715,35412716,35412717,35412718,35412719,35412720,35412721,35412722,35412723,35412724,35412725,35412726,35412727,35412728,35412729,35412730,35412731,35412732,35412733,35412734,35412735,35412736,35412737,35412738,35412739,35412740,35412741,35412742,35412743,35412744,35412745,35412746,35412747,35412748,35412749,35412750,35412751,35412752,35412753,35412754,35412755,35412756,35412757,35412758,35412759,35412760,35412761,35412762,35412763,35412764,35412765,35412766,35412767,35412768,35412769,35412770,35412771,35412772,35412773,35412774,35412775,35412776,35412777,35412778,35412779,35412780,35412781,35412782,35412783,35412784,35412785,35412786,35412787,35412788,35412789,35412790,35412791,35412792,35412793,35412794,35412795,35412796,35412797,35412798,35412799,35412800,35412801,35412802,35412803,35412804,35412805,35412806,35412807,35412808,35412809,35412810,35412811,35412812,35412813,35412814,35412815,35412816,35412817,35412818,35412819,35412820,35412821,35412822,35412823,35412824,35412825,35412826,35412827,35412828,35412829,35412830,35412831,35412832,35412833,35412834,35412835,35412836,35412837,35412838,35412839,35412840,35412841,35412842,35412843,35412844,35412845,35412846,35412847,35412848,35412849,35412850,35412851,35412852,35412853,35412854,35412855,35412856,35412857,35412858,35412859,35412860,35412861,35412862,35412863,35412864,35412865,35412866,35412867,35412868,35412869,35412870,35412871,35412872,35412873,35412874,35412875,35412876,35412877,35412878,35412879,35412880,35412881,35412882,35412883,35412884,35412885,35412886,35412887,35412888,35412889,35412890,35412891,35412892,35412893,35412894,35412895,35412896,35412897,35412898,35412899,35412900,35412901,35412902,35412903,35412904,35412905,35412906,35412907,35412908,35412909,35412910,35412911,35412912,35412913,35412914,35412915,35412916,35412917,35412918,35412919,35412920,35412921,35412922,35412923,35412924,35412925,35412926,35412927,35412928,35412929,35412930,35412931,35412932,35412933,35412934,35412935,35412936,35412937,35412938,35412939,35412940,35412941,35412942,35412943,35412944,35412945,35412946,35412947,35412948,35412949,35412950,35412951,35412952,35412953,35412954,35412955,35412956,35412957,35412958,35412959,35412960,35412961,35412962,35412963,35412964,35412965,35412966,35412967,35412968,35412969,35412970,35412971,35412972,35412973,35412974,35412975,35412976,35412977,35412978,35412979,35412980,35412981,35412982,35412983,35412984,35412985,35412986,35412987,35412988,35412989,35412990,35412991,35412992,35412993,35412994,35412995,35412996,35412997,35412998,35412999,35413000,35413001,35413002,35413003,35413004,35413005,35413006,35413007,35413008,35413009,35413010,35413011,35413012,35413013,35413014,35413015,35413016,35413017,35413018,35413019,35413020,35413021,35413022,35413023,35413024,35413025,35413026,35413027,35413028,35413029,35413030,35413031,35413032,35413033,35413034,35413035,35413036,35413037,35413038,35413039,35413040,35413041,35413042,35413043,35413044,35413045,35413046,35413047,35413048,35413049,35413050,35413051,35413052,35413053,35413054,35413055,35413056,35413057,35413058,35413059,35413060,35413061,35413062,35413063,35413064,35413065,35413066,35413067,35413068,35413069,35413070,35413071,35413072,35413073,35413074,35413075,35413076,35413077,35413078,35413079,35413080,35413081,35413082,35413083,35413084,35413085,35413086,35413087,35413088,35413089,35413090,35413091,35413092,35413093,35413094,35413095,35413096,35413097,35413098,35413099,35413100,35413101,35413102,35413103,35413104,35413105,35413106,35413107,35413108,35413109,35413110,35413111,35413112,35413113,35413114,35413115,35413116,35413117,35413118,35413119,35413120,35413121,35413122,35413123,35413124,35413125,35413126,35413127,35413128,35413129,35413130,35413131,35413132,35413133,35413134,35413135,35413136,35413137,35413138,35413139,35413140,35413141,35413142,35413143,35413144,35413145,35413146,35413147,35413148,35413149,35413150,35413151,35413152,35413153,35413154,35413155,35413156,35413157,35413158,35413159,35413160,35413161,35413162,35413163,35413164,35413165,35413166,35413167,35413168,35413169,35413170,35413171,35413172,35413173,35413174,35413175,35413176,35413177,35413178,35413179,35413180,35413181,35413182,35413183,35413184,35413185,35413186,35413187,35413188,35413189,35413190,35413191,35413192,35413193,35413194,35413195,35413196,35413197,35413198,35413199,35413200,35413201,35413202,35413203,35413204,35413205,35413206,35413207,35413208,35413209,35413210,35413211,35413212,35413213,35413214,35413215,35413216,35413217,35413218,35413219,35413220,35413221,35413222,35413223,35413224,35413225,35413226,35413227,35413228,35413229,35413230,35413231,35413232,35413233,35413234,35413235,35413236,35413237,35413238,35413239,35413240,35413241,35413242,35413243,35413244,35413245,35413246,35413247,35413248,35413249,35413250,35413251,35413252,35413253,35413254,35413255,35413256,35413257,35413258,35413259,35413260,35413261,35413262,35413263,35413264,35413265,35413266,35413267,35413268,35413269,35413270,35413271,35413272,35413273,35413274,35413275,35413276,35413277,35413278,35413279,35413280,35413281,35413282,35413283,35413284,35413285,35413286,35413287,35413288,35413289,35413290,35413291,35413292,35413293,35413294,35413295,35413296,35413297,35413298,35413299,35413300,35413301,35413302,35413303,35413304,35413305,35413306,35413307,35413308,35413309,35413310,35413311,35413312,35413313,35413314,35413315,35413316,35413317,35413318,35413319,35413320,35413321,35413322,35413323,35413324,35413325,35413326,35413327,35413328,35413329,35413330,35413331,35413332,35413333,35413334,35413335,35413336,35413337,35413338,35413339,35413340,35413341,35413342,35413343,35413344,35413345,35413346,35413347,35413348,35413349,35413350,35413351,35413352,35413353,35413354,35413355,35413356,35413357,35413358,35413359,35413360,35413361,35413362,35413363,35413364,35413365,35413366,35413367,35413368,35413369,35413370,35413371,35413372,35413373,35413374,35413375,35413376,35413377,35413378,35413379,35413380,35413381,35413382,35413383,35413384,35413385,35413386,35413387,35413388,35413389,35413390,35413391,35413392,35413393,35413394,35413395,35413396,35413397,35413398,35413399,35413400,35413401,35413402,35413403,35413404,35413405,35413406,35413407,35413408,35413409,35413410,35413411,35413412,35413413,35413414,35413415,35413416,35413417,35413418,35413419,35413420,35413421,35413422,35413423,35413424,35413425,35413426,35413427,35413428,35413429,35413430,35413431,35413432,35413433,35413434,35413435,35413436,35413437,35413438,35413439,35413440,35413441,35413442,35413443,35413444,35413445,35413446,35413447,35413448,35413449,35413450,35413451,35413452,35413453,35413454,35413455,35413456,35413457,35413458,35413459,35413460,35413461,35413462,35413463,35413464,35413465,35413466,35413467,35413468,35413469,35413470,35413471,35413472,35413473,35413474,35413475,35413476,35413477,35413478,35413479,35413480,35413481,35413482,35413483,35413484,35413485,35413486,35413487,35413488,35413489,35413490,35413491,35413492,35413493,35413494,35413495,35413496,35413497,35413498,35413499,35413500,35413501,35413502,35413503,35413504,35413505,35413506,35413507,35413508,35413509,35413510,35413511,35413512,35413513,35413514,35413515,35413516,35413517,35413518,35413519,35413520,35413521,35413522,35413523,35413524,35413525,35413526,35413527,35413528,35413529,35413530,35413531,35413532,35413533,35413534,35413535,35413536,35413537,35413538,35413539,35413540,35413541,35413542,35413543,35413544,35413545,35413546,35413547,35413548,35413549,35413550,35413551,35413552,35413553,35413554,35413555,35413556,35413557,35413558,35413559,35413560,35413561,35413562,35413563,35413564,35413565,35413566,35413567,35413568,35413569,35413570,35413571,35413572,35413573,35413574,35413575,35413576,35413577,35413578,35413579,35413580,35413581,35413582,35413583,35413584,35413585,35413586,35413587,35413588,35413589,35413590,35413591,35413592,35413593,35413594,35413595,35413596,35413597,35413598,35413599,35413600,35413601,35413602,35413603,35413604,35413605,35413606,35413607,35413608,35413609,35413610,35413611,35413612,35413613,35413614,35413615,35413616,35413617,35413618,35413619,35413620,35413621,35413622,35413623,35413624,35413625,35413626,35413627,35413628,35413629,35413630,35413631,35413632,35413633,35413634,35413635,35413636,35413637,35413638,35413639,35413640,35413641,35413642,35413643,35413644,35413645,35413646,35413647,35413648,35413649,35413650,35413651,35413652,35413653,35413654,35413655,35413656,35413657,35413658,35413659,35413660,35413661,35413662,35413663,35413664,35413665,35413666,35413667,35413668,35413669,35413670,35413671,35413672,35413673,35413674,35413675,35413676,35413677,35413678,35413679,35413680,35413681,35413682,35413683,35413684,35413685,35413686,35413687,35413688,35413689,35413690,35413691,35413692,35413693,35413694,35413695,35413696,35413697,35413698,35413699,35413700,35413701,35413702,35413703,35413704,35413705,35413706,35413707,35413708,35413709,35413710,35413711,35413712,35413713,35413714,35413715,35413716,35413717,35413718,35413719,35413720,35413721,35413722,35413723,35413724,35413725,35413726,35413727,35413728,35413729,35413730,35413731,35413732,35413733,35413734,35413735,35413736,35413737,35413738,35413739,35413740,35413741,35413742,35413743,35413744,35413745,35413746,35413747,35413748,35413749,35413750,35413751,35413752,35413753,35413754,35413755,35413756,35413757,35413758,35413759,35413760,35413761,35413762,35413763,35413764,35413765,35413766,35413767,35413768,35413769,35413770,35413771,35413772,35413773,35413774,35413775,35413776,35413777,35413778,35413779,35413780,35413781,35413782,35413783,35413784,35413785,35413786,35413787,35413788,35413789,35413790,35413791,35413792,35413793,35413794,35413795,35413796,35413797,35413798,35413799,35413800,35413801,35413802,35413803,35413804,35413805,35413806,35413807,35413808,35413809,35413810,35413811,35413812,35413813,35413814,35413815,35413816,35413817,35413818,35413819,35413820,35413821,35413822,35413823,35413824,35413825,35413826,35413827,35413828,35413829,35413830,35413831,35413832,35413833,35413834,35413835,35413836,35413837,35413838,35413839,35413840,35413841,35413842,35413843,35413844,35413845,35413846,35413847,35413848,35413849,35413850,35413851,35413852,35413853,35413854,35413855,35413856,35413857,35413858,35413859,35413860,35413861,35413862,35413863,35413864,35413865,35413866,35413867,35413868,35413869,35413870,35413871,35413872,35413873,35413874,35413875,35413876,35413877,35413878,35413879,35413880,35413881,35413882,35413883,35413884,35413885,35413886,35413887,35413888,35413889,35413890,35413891,35413892,35413893,35413894,35413895,35413896,35413897,35413898,35413899,35413900,35413901,35413902,35413903,35413904,35413905,35413906,35413907,35413908,35413909,35413910,35413911,35413912,35413913,35413914,35413915,35413916,35413917,35413918,35413919,35413920,35413921,35413922,35413923,35413924,35413925,35413926,35413927,35413928,35413929,35413930,35413931,35413932,35413933,35413934,35413935,35413936,35413937,35413938,35413939,35413940,35413941,35413942,35413943,35413944,35413945,35413946,35413947,35413948,35413949,35413950,35413951,35413952,35413953,35413954,35413955,35413956,35413957,35413958,35413959,35413960,35413961,35413962,35413963,35413964,35413965,35413966,35413967,35413968,35413969,35413970,35413971,35413972,35413973,35413974,35413975,35413976,35413977,35413978,35413979,35413980,35413981,35413982,35413983,35413984,35413985,35413986,35413987,35413988,35413989,35413990,35413991,35413992,35413993,35413994,35413995,35413996,35413997,35413998,35413999,35414000,35414001,35414002,35414003,35414004,35414005,35414006,35414007,35414008,35414009,35414010,35414011,35414012,35414013,35414014,35414015,35414016,35414017,35414018,35414019,35414020,35414021,35414022,35414023,35414024,35414025,35414026,35414027,35414028,35414029,35414030,35414031,35414032,35414033,35414034,35414035,35414036,35414037,35414038,35414039,35414040,35414041,35414042,35414043,35414044,35414045,35414046,35414047,35414048,35414049,35414050,35414051,35414052,35414053,35414054,35414055,35414056,35414057,35414058,35414059,35414060,35414061,35414062,35414063,35414064,35414065,35414066,35414067,35414068,35414069,35414070,35414071,35414072,35414073,35414074,35414075,35414076,35414077,35414078,35414079,35414080,35414081,35414082,35414083,35414084,35414085,35414086,35414087,35414088,35414089,35414090,35414091,35414092,35414093,35414094,35414095,35414096,35414097,35414098,35414099,35414100,35414101,35414102,35414103,35414104,35414105,35414106,35414107,35414108,35414109,35414110,35414111,35414112,35414113,35414114,35414115,35414116,35414117,35414118,35414119,35414120,35414121,35414122,35414123,35414124,35414125,35414126,35414127,35414128,35414129,35414130,35414131,35414132,35414133,35414134,35414135,35414136,35414137,35414138,35414139,35414140,35414141,35414142,35414143,35414144,35414145,35414146,35414147,35414148,35414149,35414150,35414151,35414152,35414153,35414154,35414155,35414156,35414157,35414158,35414159,35414160,35414161,35414162,35414163,35414164,35414165,35414166,35414167,35414168,35414169,35414170,35414171,35414172,35414173,35414174,35414175,35414176,35414177,35414178,35414179,35414180,35414181,35414182,35414183,35414184,35414185,35414186,35414187,35414188,35414189,35414190,35414191,35414192,35414193,35414194,35414195,35414196,35414197,35414198,35414199,35414200,35414201,35414202,35414203,35414204,35414205,35414206,35414207,35414208,35414209,35414210,35414211,35414212,35414213,35414214,35414215,35414216,35414217,35414218,35414219,35414220,35414221,35414222,35414223,35414224,35414225,35414226,35414227,35414228,35414229,35414230,35414231,35414232,35414233,35414234,35414235,35414236,35414237,35414238,35414239,35414240,35414241,35414242,35414243,35414244,35414245,35414246,35414247,35414248,35414249,35414250,35414251,35414252,35414253,35414254,35414255,35414256,35414257,35414258,35414259,35414260,35414261,35414262,35414263,35414264,35414265,35414266,35414267,35414268,35414269,35414270,35414271,35414272,35414273,35414274,35414275,35414276,35414277,35414278,35414279,35414280,35414281,35414282,35414283,35414284,35414285,35414286,35414287,35414288,35414289,35414290,35414291,35414292,35414293,35414294,35414295,35414296,35414297,35414298,35414299,35414300,35414301,35414302,35414303,35414304,35414305,35414306,35414307,35414308,35414309,35414310,35414311,35414312,35414313,35414314,35414315,35414316,35414317,35414318,35414319,35414320,35414321,35414322,35414323,35414324,35414325,35414326,35414327,35414328,35414329,35414330,35414331,35414332,35414333,35414334,35414335,35414336,35414337,35414338,35414339,35414340,35414341,35414342,35414343,35414344,35414345,35414346,35414347,35414348,35414349,35414350,35414351,35414352,35414353,35414354,35414355,35414356,35414357,35414358,35414359,35414360,35414361,35414362,35414363,35414364,35414365,35414366,35414367,35414368,35414369,35414370,35414371,35414372,35414373,35414374,35414375,35414376,35414377,35414378,35414379,35414380,35414381,35414382,35414383,35414384,35414385,35414386,35414387,35414388,35414389,35414390,35414391,35414392,35414393,35414394,35414395,35414396,35414397,35414398,35414399,35414400,35414401,35414402,35414403,35414404,35414405,35414406,35414407,35414408,35414409,35414410,35414411,35414412,35414413,35414414,35414415,35414416,35414417,35414418,35414419,35414420,35414421,35414422,35414423,35414424,35414425,35414426,35414427,35414428,35414429,35414430,35414431,35414432,35414433,35414434,35414435,35414436,35414437,35414438,35414439,35414440,35414441,35414442,35414443,35414444,35414445,35414446,35414447,35414448,35414449,35414450,35414451,35414452,35414453,35414454,35414455,35414456,35414457,35414458,35414459,35414460,35414461,35414462,35414463,35414464,35414465,35414466,35414467,35414468,35414469,35414470,35414471,35414472,35414473,35414474,35414475,35414476,35414477,35414478,35414479,35414480,35414481,35414482,35414483,35414484,35414485,35414486,35414487,35414488,35414489,35414490,35414491,35414492,35414493,35414494,35414495,35414496,35414497,35414498,35414499,35414500,35414501,35414502,35414503,35414504,35414505,35414506,35414507,35414508,35414509,35414510,35414511,35414512,35414513,35414514,35414515,35414516,35414517,35414518,35414519,35414520,35414521,35414522,35414523,35414524,35414525,35414526,35414527,35414528,35414529,35414530,35414531,35414532,35414533,35414534,35414535,35414536,35414537,35414538,35414539,35414540,35414541,35414542,35414543,35414544,35414545,35414546,35414547,35414548,35414549,35414550,35414551,35414552,35414553,35414554,35414555,35414556,35414557,35414558,35414559,35414560,35414561,35414562,35414563,35414564,35414565,35414566,35414567,35414568,35414569,35414570,35414571,35414572,35414573,35414574,35414575,35414576,35414577,35414578,35414579,35414580,35414581,35414582,35414583,35414584,35414585,35414586,35414587,35414588,35414589,35414590,35414591,35414592,35414593,35414594,35414595,35414596,35414597,35414598,35414599,35414600,35414601,35414602,35414603,35414604,35414605,35414606,35414607,35414608,35414609,35414610,35414611,35414612,35414613,35414614,35414615,35414616,35414617,35414618,35414619,35414620,35414621,35414622,35414623,35414624,35414625,35414626,35414627,35414628,35414629,35414630,35414631,35414632,35414633,35414634,35414635,35414636,35414637,35414638,35414639,35414640,35414641,35414642,35414643,35414644,35414645,35414646,35414647,35414648,35414649,35414650,35414651,35414652,35414653,35414654,35414655,35414656,35414657,35414658,35414659,35414660,35414661,35414662,35414663,35414664,35414665,35414666,35414667,35414668,35414669,35414670,35414671,35414672,35414673,35414674,35414675,35414676,35414677,35414678,35414679,35414680,35414681,35414682,35414683,35414684,35414685,35414686,35414687,35414688,35414689,35414690,35414691,35414692,35414693,35414694,35414695,35414696,35414697,35414698,35414699,35414700,35414701,35414702,35414703,35414704,35414705,35414706,35414707,35414708,35414709,35414710,35414711,35414712,35414713,35414714,35414715,35414716,35414717,35414718,35414719,35414720,35414721,35414722,35414723,35414724,35414725,35414726,35414727,35414728,35414729,35414730,35414731,35414732,35414733,35414734,35414735,35414736,35414737,35414738,35414739,35414740,35414741,35414742,35414743,35414744,35414745,35414746,35414747,35414748,35414749,35414750,35414751,35414752,35414753,35414754,35414755,35414756,35414757,35414758,35414759,35414760,35414761,35414762,35414763,35414764,35414765,35414766,35414767,35414768,35414769,35414770,35414771,35414772,35414773,35414774,35414775,35414776,35414777,35414778,35414779,35414780,35414781,35414782,35414783,35414784,35414785,35414786,35414787,35414788,35414789,35414790,35414791,35414792,35414793,35414794,35414795,35414796,35414797,35414798,35414799,35414800,35414801,35414802,35414803,35414804,35414805,35414806,35414807,35414808,35414809,35414810,35414811,35414812,35414813,35414814,35414815,35414816,35414817,35414818,35414819,35414820,35414821,35414822,35414823,35414824,35414825,35414826,35414827,35414828,35414829,35414830,35414831,35414832,35414833,35414834,35414835,35414836,35414837,35414838,35414839,35414840,35414841,35414842,35414843,35414844,35414845,35414846,35414847,35414848,35414849,35414850,35414851,35414852,35414853,35414854,35414855,35414856,35414857,35414858,35414859,35414860,35414861,35414862,35414863,35414864,35414865,35414866,35414867,35414868,35414869,35414870,35414871,35414872,35414873,35414874,35414875,35414876,35414877,35414878,35414879,35414880,35414881,35414882,35414883,35414884,35414885,35414886,35414887,35414888,35414889,35414890,35414891,35414892,35414893,35414894,35414895,35414896,35414897,35414898,35414899,35414900,35414901,35414902,35414903,35414904,35414905,35414906,35414907,35414908,35414909,35414910,35414911,35414912,35414913,35414914,35414915,35414916,35414917,35414918,35414919,35414920,35414921,35414922,35414923,35414924,35414925,35414926,35414927,35414928,35414929,35414930,35414931,35414932,35414933,35414934,35414935,35414936,35414937,35414938,35414939,35414940,35414941,35414942,35414943,35414944,35414945,35414946,35414947,35414948,35414949,35414950,35414951,35414952,35414953,35414954,35414955,35414956,35414957,35414958,35414959,35414960,35414961,35414962,35414963,35414964,35414965,35414966,35414967,35414968,35414969,35414970,35414971,35414972,35414973,35414974,35414975,35414976,35414977,35414978,35414979,35414980,35414981,35414982,35414983,35414984,35414985,35414986,35414987,35414988,35414989,35414990,35414991,35414992,35414993,35414994,35414995,35414996,35414997,35414998,35414999,35415000,35415001,35415002,35415003,35415004,35415005,35415006,35415007,35415008,35415009,35415010,35415011,35415012,35415013,35415014,35415015,35415016,35415017,35415018,35415019,35415020,35415021,35415022,35415023,35415024,35415025,35415026,35415027,35415028,35415029,35415030,35415031,35415032,35415033,35415034,35415035,35415036,35415037,35415038,35415039,35415040,35415041,35415042,35415043,35415044,35415045,35415046,35415047,35415048,35415049,35415050,35415051,35415052,35415053,35415054,35415055,35415056,35415057,35415058,35415059,35415060,35415061,35415062,35415063,35415064,35415065,35415066,35415067,35415068,35415069,35415070,35415071,35415072,35415073,35415074,35415075,35415076,35415077,35415078,35415079,35415080,35415081,35415082,35415083,35415084,35415085,35415086,35415087,35415088,35415089,35415090,35415091,35415092,35415093,35415094,35415095,35415096,35415097,35415098,35415099,35415100,35415101,35415102,35415103,35415104,35415105,35415106,35415107,35415108,35415109,35415110,35415111,35415112,35415113,35415114,35415115,35415116,35415117,35415118,35415119,35415120,35415121,35415122,35415123,35415124,35415125,35415126,35415127,35415128,35415129,35415130,35415131,35415132,35415133,35415134,35415135,35415136,35415137,35415138,35415139,35415140,35415141,35415142,35415143,35415144,35415145,35415146,35415147,35415148,35415149,35415150,35415151,35415152,35415153,35415154,35415155,35415156,35415157,35415158,35415159,35415160,35415161,35415162,35415163,35415164,35415165,35415166,35415167,35415168,35415169,35415170,35415171,35415172,35415173,35415174,35415175,35415176,35415177,35415178,35415179,35415180,35415181,35415182,35415183,35415184,35415185,35415186,35415187,35415188,35415189,35415190,35415191,35415192,35415193,35415194,35415195,35415196,35415197,35415198,35415199,35415200,35415201,35415202,35415203,35415204,35415205,35415206,35415207,35415208,35415209,35415210,35415211,35415212,35415213,35415214,35415215,35415216,35415217,35415218,35415219,35415220,35415221,35415222,35415223,35415224,35415225,35415226,35415227,35415228,35415229,35415230,35415231,35415232,35415233,35415234,35415235,35415236,35415237,35415238,35415239,35415240,35415241,35415242,35415243,35415244,35415245,35415246,35415247,35415248,35415249,35415250,35415251,35415252,35415253,35415254,35415255,35415256,35415257,35415258,35415259,35415260,35415261,35415262,35415263,35415264,35415265,35415266,35415267,35415268,35415269,35415270,35415271,35415272,35415273,35415274,35415275,35415276,35415277,35415278,35415279,35415280,35415281,35415282,35415283,35415284,35415285,35415286,35415287,35415288,35415289,35415290,35415291,35415292,35415293,35415294,35415295,35415296,35415297,35415298,35415299,35415300,35415301,35415302,35415303,35415304,35415305,35415306,35415307,35415308,35415309,35415310,35415311,35415312,35415313,35415314,35415315,35415316,35415317,35415318,35415319,35415320,35415321,35415322,35415323,35415324,35415325,35415326,35415327,35415328,35415329,35415330,35415331,35415332,35415333,35415334,35415335,35415336,35415337,35415338,35415339,35415340,35415341,35415342,35415343,35415344,35415345,35415346,35415347,35415348,35415349,35415350,35415351,35415352,35415353,35415354,35415355,35415356,35415357,35415358,35415359,35415360,35415361,35415362,35415363,35415364,35415365,35415366,35415367,35415368,35415369,35415370,35415371,35415372,35415373,35415374,35415375,35415376,35415377,35415378,35415379,35415380,35415381,35415382,35415383,35415384,35415385,35415386,35415387,35415388,35415389,35415390,35415391,35415392,35415393,35415394,35415395,35415396,35415397,35415398,35415399,35415400,35415401,35415402,35415403,35415404,35415405,35415406,35415407,35415408,35415409,35415410,35415411,35415412,35415413,35415414,35415415,35415416,35415417,35415418,35415419,35415420,35415421,35415422,35415423,35415424,35415425,35415426,35415427,35415428,35415429,35415430,35415431,35415432,35415433,35415434,35415435,35415436,35415437,35415438,35415439,35415440,35415441,35415442,35415443,35415444,35415445,35415446,35415447,35415448,35415449,35415450,35415451,35415452,35415453,35415454,35415455,35415456,35415457,35415458,35415459,35415460,35415461,35415462,35415463,35415464,35415465,35415466,35415467,35415468,35415469,35415470,35415471,35415472,35415473,35415474,35415475,35415476,35415477,35415478,35415479,35415480,35415481,35415482,35415483,35415484,35415485,35415486,35415487,35415488,35415489,35415490,35415491,35415492,35415493,35415494,35415495,35415496,35415497,35415498,35415499,35415500,35415501,35415502,35415503,35415504,35415505,35415506,35415507,35415508,35415509,35415510,35415511,35415512,35415513,35415514,35415515,35415516,35415517,35415518,35415519,35415520,35415521,35415522,35415523,35415524,35415525,35415526,35415527,35415528,35415529,35415530,35415531,35415532,35415533,35415534,35415535,35415536,35415537,35415538,35415539,35415540,35415541,35415542,35415543,35415544,35415545,35415546,35415547,35415548,35415549,35415550,35415551,35415552,35415553,35415554,35415555,35415556,35415557,35415558,35415559,35415560,35415561,35415562,35415563,35415564,35415565,35415566,35415567,35415568,35415569,35415570,35415571,35415572,35415573,35415574,35415575,35415576,35415577,35415578,35415579,35415580,35415581,35415582,35415583,35415584,35415585,35415586,35415587,35415588,35415589,35415590,35415591,35415592,35415593,35415594,35415595,35415596,35415597,35415598,35415599,35415600,35415601,35415602,35415603,35415604,35415605,35415606,35415607,35415608,35415609,35415610,35415611,35415612,35415613,35415614,35415615,35415616,35415617,35415618,35415619,35415620,35415621,35415622,35415623,35415624,35415625,35415626,35415627,35415628,35415629,35415630,35415631,35415632,35415633,35415634,35415635,35415636,35415637,35415638,35415639,35415640,35415641,35415642,35415643,35415644,35415645,35415646,35415647,35415648,35415649,35415650,35415651,35415652,35415653,35415654,35415655,35415656,35415657,35415658,35415659,35415660,35415661,35415662,35415663,35415664,35415665,35415666,35415667,35415668,35415669,35415670,35415671,35415672,35415673,35415674,35415675,35415676,35415677,35415678,35415679,35415680,35415681,35415682,35415683,35415684,35415685,35415686,35415687,35415688,35415689,35415690,35415691,35415692,35415693,35415694,35415695,35415696,35415697,35415698,35415699,35415700,35415701,35415702,35415703,35415704,35415705,35415706,35415707,35415708,35415709,35415710,35415711,35415712,35415713,35415714,35415715,35415716,35415717,35415718,35415719,35415720,35415721,35415722,35415723,35415724,35415725,35415726,35415727,35415728,35415729,35415730,35415731,35415732,35415733,35415734,35415735,35415736,35415737,35415738,35415739,35415740,35415741,35415742,35415743,35415744,35415745,35415746,35415747,35415748,35415749,35415750,35415751,35415752,35415753,35415754,35415755,35415756,35415757,35415758,35415759,35415760,35415761,35415762,35415763,35415764,35415765,35415766,35415767,35415768,35415769,35415770,35415771,35415772,35415773,35415774,35415775,35415776,35415777,35415778,35415779,35415780,35415781,35415782,35415783,35415784,35415785,35415786,35415787,35415788,35415789,35415790,35415791,35415792,35415793,35415794,35415795,35415796,35415797,35415798,35415799,35415800,35415801,35415802,35415803,35415804,35415805,35415806,35415807,35415808,35415809,35415810,35415811,35415812,35415813,35415814,35415815,35415816,35415817,35415818,35415819,35415820,35415821,35415822,35415823,35415824,35415825,35415826,35415827,35415828,35415829,35415830,35415831,35415832,35415833,35415834,35415835,35415836,35415837,35415838,35415839,35415840,35415841,35415842,35415843,35415844,35415845,35415846,35415847,35415848,35415849,35415850,35415851,35415852,35415853,35415854,35415855,35415856,35415857,35415858,35415859,35415860,35415861,35415862,35415863,35415864,35415865,35415866,35415867,35415868,35415869,35415870,35415871,35415872,35415873,35415874,35415875,35415876,35415877,35415878,35415879,35415880,35415881,35415882,35415883,35415884,35415885,35415886,35415887,35415888,35415889,35415890,35415891,35415892,35415893,35415894,35415895,35415896,35415897,35415898,35415899,35415900,35415901,35415902,35415903,35415904,35415905,35415906,35415907,35415908,35415909,35415910,35415911,35415912,35415913,35415914,35415915,35415916,35415917,35415918,35415919,35415920,35415921,35415922,35415923,35415924,35415925,35415926,35415927,35415928,35415929,35415930,35415931,35415932,35415933,35415934,35415935,35415936,35415937,35415938,35415939,35415940,35415941,35415942,35415943,35415944,35415945,35415946,35415947,35415948,35415949,35415950,35415951,35415952,35415953,35415954,35415955,35415956,35415957,35415958,35415959,35415960,35415961,35415962,35415963,35415964,35415965,35415966,35415967,35415968,35415969,35415970,35415971,35415972,35415973,35415974,35415975,35415976,35415977,35415978,35415979,35415980,35415981,35415982,35415983,35415984,35415985,35415986,35415987,35415988,35415989,35415990,35415991,35415992,35415993,35415994,35415995,35415996,35415997,35415998,35415999,35416000,35416001,35416002,35416003,35416004,35416005,35416006,35416007,35416008,35416009,35416010,35416011,35416012,35416013,35416014,35416015,35416016,35416017,35416018,35416019,35416020,35416021,35416022,35416023,35416024,35416025,35416026,35416027,35416028,35416029,35416030,35416031,35416032,35416033,35416034,35416035,35416036,35416037,35416038,35416039,35416040,35416041,35416042,35416043,35416044,35416045,35416046,35416047,35416048,35416049,35416050,35416051,35416052,35416053,35416054,35416055,35416056,35416057,35416058,35416059,35416060,35416061,35416062,35416063,35416064,35416065,35416066,35416067,35416068,35416069,35416070,35416071,35416072,35416073,35416074,35416075,35416076,35416077,35416078,35416079,35416080,35416081,35416082,35416083,35416084,35416085,35416086,35416087,35416088,35416089,35416090,35416091,35416092,35416093,35416094,35416095,35416096,35416097,35416098,35416099,35416100,35416101,35416102,35416103,35416104,35416105,35416106,35416107,35416108,35416109,35416110,35416111,35416112,35416113,35416114,35416115,35416116,35416117,35416118,35416119,35416120,35416121,35416122,35416123,35416124,35416125,35416126,35416127,35416128,35416129,35416130,35416131,35416132,35416133,35416134,35416135,35416136,35416137,35416138,35416139,35416140,35416141,35416142,35416143,35416144,35416145,35416146,35416147,35416148,35416149,35416150,35416151,35416152,35416153,35416154,35416155,35416156,35416157,35416158,35416159,35416160,35416161,35416162,35416163,35416164,35416165,35416166,35416167,35416168,35416169,35416170,35416171,35416172,35416173,35416174,35416175,35416176,35416177,35416178,35416179,35416180,35416181,35416182,35416183,35416184,35416185,35416186,35416187,35416188,35416189,35416190,35416191,35416192,35416193,35416194,35416195,35416196,35416197,35416198,35416199,35416200,35416201,35416202,35416203,35416204,35416205,35416206,35416207,35416208,35416209,35416210,35416211,35416212,35416213,35416214,35416215,35416216,35416217,35416218,35416219,35416220,35416221,35416222,35416223,35416224,35416225,35416226,35416227,35416228,35416229,35416230,35416231,35416232,35416233,35416234,35416235,35416236,35416237,35416238,35416239,35416240,35416241,35416242,35416243,35416244,35416245,35416246,35416247,35416248,35416249,35416250,35416251,35416252,35416253,35416254,35416255,35416256,35416257,35416258,35416259,35416260,35416261,35416262,35416263,35416264,35416265,35416266,35416267,35416268,35416269,35416270,35416271,35416272,35416273,35416274,35416275,35416276,35416277,35416278,35416279,35416280,35416281,35416282,35416283,35416284,35416285,35416286,35416287,35416288,35416289,35416290,35416291,35416292,35416293,35416294,35416295,35416296,35416297,35416298,35416299,35416300,35416301,35416302,35416303,35416304,35416305,35416306,35416307,35416308,35416309,35416310,35416311,35416312,35416313,35416314,35416315,35416316,35416317,35416318,35416319,35416320,35416321,35416322,35416323,35416324,35416325,35416326,35416327,35416328,35416329,35416330,35416331,35416332,35416333,35416334,35416335,35416336,35416337,35416338,35416339,35416340,35416341,35416342,35416343,35416344,35416345,35416346,35416347,35416348,35416349,35416350,35416351,35416352,35416353,35416354,35416355,35416356,35416357,35416358,35416359,35416360,35416361,35416362,35416363,35416364,35416365,35416366,35416367,35416368,35416369,35416370,35416371,35416372,35416373,35416374,35416375,35416376,35416377,35416378,35416379,35416380,35416381,35416382,35416383,35416384,35416385,35416386,35416387,35416388,35416389,35416390,35416391,35416392,35416393,35416394,35416395,35416396,35416397,35416398,35416399,35416400,35416401,35416402,35416403,35416404,35416405,35416406,35416407,35416408,35416409,35416410,35416411,35416412,35416413,35416414,35416415,35416416,35416417,35416418,35416419,35416420,35416421,35416422,35416423,35416424,35416425,35416426,35416427,35416428,35416429,35416430,35416431,35416432,35416433,35416434,35416435,35416436,35416437,35416438,35416439,35416440,35416441,35416442,35416443,35416444,35416445,35416446,35416447,35416448,35416449,35416450,35416451,35416452,35416453,35416454,35416455,35416456,35416457,35416458,35416459,35416460,35416461,35416462,35416463,35416464,35416465,35416466,35416467,35416468,35416469,35416470,35416471,35416472,35416473,35416474,35416475,35416476,35416477,35416478,35416479,35416480,35416481,35416482,35416483,35416484,35416485,35416486,35416487,35416488,35416489,35416490,35416491,35416492,35416493,35416494,35416495,35416496,35416497,35416498,35416499,35416500,35416501,35416502,35416503,35416504,35416505,35416506,35416507,35416508,35416509,35416510,35416511,35416512,35416513,35416514,35416515,35416516,35416517,35416518,35416519,35416520,35416521,35416522,35416523,35416524,35416525,35416526,35416527,35416528,35416529,35416530,35416531,35416532,35416533,35416534,35416535,35416536,35416537,35416538,35416539,35416540,35416541,35416542,35416543,35416544,35416545,35416546,35416547,35416548,35416549,35416550,35416551,35416552,35416553,35416554,35416555,35416556,35416557,35416558,35416559,35416560,35416561,35416562,35416563,35416564,35416565,35416566,35416567,35416568,35416569,35416570,35416571,35416572,35416573,35416574,35416575,35416576,35416577,35416578,35416579,35416580,35416581,35416582,35416583,35416584,35416585,35416586,35416587,35416588,35416589,35416590,35416591,35416592,35416593,35416594,35416595,35416596,35416597,35416598,35416599,35416600,35416601,35416602,35416603,35416604,35416605,35416606,35416607,35416608,35416609,35416610,35416611,35416612,35416613,35416614,35416615,35416616,35416617,35416618,35416619,35416620,35416621,35416622,35416623,35416624,35416625,35416626,35416627,35416628,35416629,35416630,35416631,35416632,35416633,35416634,35416635,35416636,35416637,35416638,35416639,35416640,35416641,35416642,35416643,35416644,35416645,35416646,35416647,35416648,35416649,35416650,35416651,35416652,35416653,35416654,35416655,35416656,35416657,35416658,35416659,35416660,35416661,35416662,35416663,35416664,35416665,35416666,35416667,35416668,35416669,35416670,35416671,35416672,35416673,35416674,35416675,35416676,35416677,35416678,35416679,35416680,35416681,35416682,35416683,35416684,35416685,35416686,35416687,35416688,35416689,35416690,35416691,35416692,35416693,35416694,35416695,35416696,35416697,35416698,35416699,35416700,35416701,35416702,35416703,35416704,35416705,35416706,35416707,35416708,35416709,35416710,35416711,35416712,35416713,35416714,35416715,35416716,35416717,35416718,35416719,35416720,35416721,35416722,35416723,35416724,35416725,35416726,35416727,35416728,35416729,35416730,35416731,35416732,35416733,35416734,35416735,35416736,35416737,35416738,35416739,35416740,35416741,35416742,35416743,35416744,35416745,35416746,35416747,35416748,35416749,35416750,35416751,35416752,35416753,35416754,35416755,35416756,35416757,35416758,35416759,35416760,35416761,35416762,35416763,35416764,35416765,35416766,35416767,35416768,35416769,35416770,35416771,35416772,35416773,35416774,35416775,35416776,35416777,35416778,35416779,35416780,35416781,35416782,35416783,35416784,35416785,35416786,35416787,35416788,35416789,35416790,35416791,35416792,35416793,35416794,35416795,35416796,35416797,35416798,35416799,35416800,35416801,35416802,35416803,35416804,35416805,35416806,35416807,35416808,35416809,35416810,35416811,35416812,35416813,35416814,35416815,35416816,35416817,35416818,35416819,35416820,35416821,35416822,35416823,35416824,35416825,35416826,35416827,35416828,35416829,35416830,35416831,35416832,35416833,35416834,35416835,35416836,35416837,35416838,35416839,35416840,35416841,35416842,35416843,35416844,35416845,35416846,35416847,35416848,35416849,35416850,35416851,35416852,35416853,35416854,35416855,35416856,35416857,35416858,35416859,35416860,35416861,35416862,35416863,35416864,35416865,35416866,35416867,35416868,35416869,35416870,35416871,35416872,35416873,35416874,35416875,35416876,35416877,35416878,35416879,35416880,35416881,35416882,35416883,35416884,35416885,35416886,35416887,35416888,35416889,35416890,35416891,35416892,35416893,35416894,35416895,35416896,35416897,35416898,35416899,35416900,35416901,35416902,35416903,35416904,35416905,35416906,35416907,35416908,35416909,35416910,35416911,35416912,35416913,35416914,35416915,35416916,35416917,35416918,35416919,35416920,35416921,35416922,35416923,35416924,35416925,35416926,35416927,35416928,35416929,35416930,35416931,35416932,35416933,35416934,35416935,35416936,35416937,35416938,35416939,35416940,35416941,35416942,35416943,35416944,35416945,35416946,35416947,35416948,35416949,35416950,35416951,35416952,35416953,35416954,35416955,35416956,35416957,35416958,35416959,35416960,35416961,35416962,35416963,35416964,35416965,35416966,35416967,35416968,35416969,35416970,35416971,35416972,35416973,35416974,35416975,35416976,35416977,35416978,35416979,35416980,35416981,35416982,35416983,35416984,35416985,35416986,35416987,35416988,35416989,35416990,35416991,35416992,35416993,35416994,35416995,35416996,35416997,35416998,35416999,35417000,35417001,35417002,35417003,35417004,35417005,35417006,35417007,35417008,35417009,35417010,35417011,35417012,35417013,35417014,35417015,35417016,35417017,35417018,35417019,35417020,35417021,35417022,35417023,35417024,35417025,35417026,35417027,35417028,35417029,35417030,35417031,35417032,35417033,35417034,35417035,35417036,35417037,35417038,35417039,35417040,35417041,35417042,35417043,35417044,35417045,35417046,35417047,35417048,35417049,35417050,35417051,35417052,35417053,35417054,35417055,35417056,35417057,35417058,35417059,35417060,35417061,35417062,35417063,35417064,35417065,35417066,35417067,35417068,35417069,35417070,35417071,35417072,35417073,35417074,35417075,35417076,35417077,35417078,35417079,35417080,35417081,35417082,35417083,35417084,35417085,35417086,35417087,35417088,35417089,35417090,35417091,35417092,35417093,35417094,35417095,35417096,35417097,35417098,35417099,35417100,35417101,35417102,35417103,35417104,35417105,35417106,35417107,35417108,35417109,35417110,35417111,35417112,35417113,35417114,35417115,35417116,35417117,35417118,35417119,35417120,35417121,35417122,35417123,35417124,35417125,35417126,35417127,35417128,35417129,35417130,35417131,35417132,35417133,35417134,35417135,35417136,35417137,35417138,35417139,35417140,35417141,35417142,35417143,35417144,35417145,35417146,35417147,35417148,35417149,35417150,35417151,35417152,35417153,35417154,35417155,35417156,35417157,35417158,35417159,35417160,35417161,35417162,35417163,35417164,35417165,35417166,35417167,35417168,35417169,35417170,35417171,35417172,35417173,35417174,35417175,35417176,35417177,35417178,35417179,35417180,35417181,35417182,35417183,35417184,35417185,35417186,35417187,35417188,35417189,35417190,35417191,35417192,35417193,35417194,35417195,35417196,35417197,35417198,35417199,35417200,35417201,35417202,35417203,35417204,35417205,35417206,35417207,35417208,35417209,35417210,35417211,35417212,35417213,35417214,35417215,35417216,35417217,35417218,35417219,35417220,35417221,35417222,35417223,35417224,35417225,35417226,35417227,35417228,35417229,35417230,35417231,35417232,35417233,35417234,35417235,35417236,35417237,35417238,35417239,35417240,35417241,35417242,35417243,35417244,35417245,35417246,35417247,35417248,35417249,35417250,35417251,35417252,35417253,35417254,35417255,35417256,35417257,35417258,35417259,35417260,35417261,35417262,35417263,35417264,35417265,35417266,35417267,35417268,35417269,35417270,35417271,35417272,35417273,35417274,35417275,35417276,35417277,35417278,35417279,35417280,35417281,35417282,35417283,35417284,35417285,35417286,35417287,35417288,35417289,35417290,35417291,35417292,35417293,35417294,35417295,35417296,35417297,35417298,35417299,35417300,35417301,35417302,35417303,35417304,35417305,35417306,35417307,35417308,35417309,35417310,35417311,35417312,35417313,35417314,35417315,35417316,35417317,35417318,35417319,35417320,35417321,35417322,35417323,35417324,35417325,35417326,35417327,35417328,35417329,35417330,35417331,35417332,35417333,35417334,35417335,35417336,35417337,35417338,35417339,35417340,35417341,35417342,35417343,35417344,35417345,35417346,35417347,35417348,35417349,35417350,35417351,35417352,35417353,35417354,35417355,35417356,35417357,35417358,35417359,35417360,35417361,35417362,35417363,35417364,35417365,35417366,35417367,35417368,35417369,35417370,35417371,35417372,35417373,35417374,35417375,35417376,35417377,35417378,35417379,35417380,35417381,35417382,35417383,35417384,35417385,35417386,35417387,35417388,35417389,35417390,35417391,35417392,35417393,35417394,35417395,35417396,35417397,35417398,35417399,35417400,35417401,35417402,35417403,35417404,35417405,35417406,35417407,35417408,35417409,35417410,35417411,35417412,35417413,35417414,35417415,35417416,35417417,35417418,35417419,35417420,35417421,35417422,35417423,35417424,35417425,35417426,35417427,35417428,35417429,35417430,35417431,35417432,35417433,35417434,35417435,35417436,35417437,35417438,35417439,35417440,35417441,35417442,35417443,35417444,35417445,35417446,35417447,35417448,35417449,35417450,35417451,35417452,35417453,35417454,35417455,35417456,35417457,35417458,35417459,35417460,35417461,35417462,35417463,35417464,35417465,35417466,35417467,35417468,35417469,35417470,35417471,35417472,35417473,35417474,35417475,35417476,35417477,35417478,35417479,35417480,35417481,35417482,35417483,35417484,35417485,35417486,35417487,35417488,35417489,35417490,35417491,35417492,35417493,35417494,35417495,35417496,35417497,35417498,35417499,35417500,35417501,35417502,35417503,35417504,35417505,35417506,35417507,35417508,35417509,35417510,35417511,35417512,35417513,35417514,35417515,35417516,35417517,35417518,35417519,35417520,35417521,35417522,35417523,35417524,35417525,35417526,35417527,35417528,35417529,35417530,35417531,35417532,35417533,35417534,35417535,35417536,35417537,35417538,35417539,35417540,35417541,35417542,35417543,35417544,35417545,35417546,35417547,35417548,35417549,35417550,35417551,35417552,35417553,35417554,35417555,35417556,35417557,35417558,35417559,35417560,35417561,35417562,35417563,35417564,35417565,35417566,35417567,35417568,35417569,35417570,35417571,35417572,35417573,35417574,35417575,35417576,35417577,35417578,35417579,35417580,35417581,35417582,35417583,35417584,35417585,35417586,35417587,35417588,35417589,35417590,35417591,35417592,35417593,35417594,35417595,35417596,35417597,35417598,35417599,35417600,35417601,35417602,35417603,35417604,35417605,35417606,35417607,35417608,35417609,35417610,35417611,35417612,35417613,35417614,35417615,35417616,35417617,35417618,35417619,35417620,35417621,35417622,35417623,35417624,35417625,35417626,35417627,35417628,35417629,35417630,35417631,35417632,35417633,35417634,35417635,35417636,35417637,35417638,35417639,35417640,35417641,35417642,35417643,35417644,35417645,35417646,35417647,35417648,35417649,35417650,35417651,35417652,35417653,35417654,35417655,35417656,35417657,35417658,35417659,35417660,35417661,35417662,35417663,35417664,35417665,35417666,35417667,35417668,35417669,35417670,35417671,35417672,35417673,35417674,35417675,35417676,35417677,35417678,35417679,35417680,35417681,35417682,35417683,35417684,35417685,35417686,35417687,35417688,35417689,35417690,35417691,35417692,35417693,35417694,35417695,35417696,35417697,35417698,35417699,35417700,35417701,35417702,35417703,35417704,35417705,35417706,35417707,35417708,35417709,35417710,35417711,35417712,35417713,35417714,35417715,35417716,35417717,35417718,35417719,35417720,35417721,35417722,35417723,35417724,35417725,35417726,35417727,35417728,35417729,35417730,35417731,35417732,35417733,35417734,35417735,35417736,35417737,35417738,35417739,35417740,35417741,35417742,35417743,35417744,35417745,35417746,35417747,35417748,35417749,35417750,35417751,35417752,35417753,35417754,35417755,35417756,35417757,35417758,35417759,35417760,35417761,35417762,35417763,35417764,35417765,35417766,35417767,35417768,35417769,35417770,35417771,35417772,35417773,35417774,35417775,35417776,35417777,35417778,35417779,35417780,35417781,35417782,35417783,35417784,35417785,35417786,35417787,35417788,35417789,35417790,35417791,35417792,35417793,35417794,35417795,35417796,35417797,35417798,35417799,35417800,35417801,35417802,35417803,35417804,35417805,35417806,35417807,35417808,35417809,35417810,35417811,35417812,35417813,35417814,35417815,35417816,35417817,35417818,35417819,35417820,35417821,35417822,35417823,35417824,35417825,35417826,35417827,35417828,35417829,35417830,35417831,35417832,35417833,35417834,35417835,35417836,35417837,35417838,35417839,35417840,35417841,35417842,35417843,35417844,35417845,35417846,35417847,35417848,35417849,35417850,35417851,35417852,35417853,35417854,35417855,35417856,35417857,35417858,35417859,35417860,35417861,35417862,35417863,35417864,35417865,35417866,35417867,35417868,35417869,35417870,35417871,35417872,35417873,35417874,35417875,35417876,35417877,35417878,35417879,35417880,35417881,35417882,35417883,35417884,35417885,35417886,35417887,35417888,35417889,35417890,35417891,35417892,35417893,35417894,35417895,35417896,35417897,35417898,35417899,35417900,35417901,35417902,35417903,35417904,35417905,35417906,35417907,35417908,35417909,35417910,35417911,35417912,35417913,35417914,35417915,35417916,35417917,35417918,35417919,35417920,35417921,35417922,35417923,35417924,35417925,35417926,35417927,35417928,35417929,35417930,35417931,35417932,35417933,35417934,35417935,35417936,35417937,35417938,35417939,35417940,35417941,35417942,35417943,35417944,35417945,35417946,35417947,35417948,35417949,35417950,35417951,35417952,35417953,35417954,35417955,35417956,35417957,35417958,35417959,35417960,35417961,35417962,35417963,35417964,35417965,35417966,35417967,35417968,35417969,35417970,35417971,35417972,35417973,35417974,35417975,35417976,35417977,35417978,35417979,35417980,35417981,35417982,35417983,35417984,35417985,35417986,35417987,35417988,35417989,35417990,35417991,35417992,35417993,35417994,35417995,35417996,35417997,35417998,35417999,35418000,35418001,35418002,35418003,35418004,35418005,35418006,35418007,35418008,35418009,35418010,35418011,35418012,35418013,35418014,35418015,35418016,35418017,35418018,35418019,35418020,35418021,35418022,35418023,35418024,35418025,35418026,35418027,35418028,35418029,35418030,35418031,35418032,35418033,35418034,35418035,35418036,35418037,35418038,35418039,35418040,35418041,35418042,35418043,35418044,35418045,35418046,35418047,35418048,35418049,35418050,35418051,35418052,35418053,35418054,35418055,35418056,35418057,35418058,35418059,35418060,35418061,35418062,35418063,35418064,35418065,35418066,35418067,35418068,35418069,35418070,35418071,35418072,35418073,35418074,35418075,35418076,35418077,35418078,35418079,35418080,35418081,35418082,35418083,35418084,35418085,35418086,35418087,35418088,35418089,35418090,35418091,35418092,35418093,35418094,35418095,35418096,35418097,35418098,35418099,35418100,35418101,35418102,35418103,35418104,35418105,35418106,35418107,35418108,35418109,35418110,35418111,35418112,35418113,35418114,35418115,35418116,35418117,35418118,35418119,35418120,35418121,35418122,35418123,35418124,35418125,35418126,35418127,35418128,35418129,35418130,35418131,35418132,35418133,35418134,35418135,35418136,35418137,35418138,35418139,35418140,35418141,35418142,35418143,35418144,35418145,35418146,35418147,35418148,35418149,35418150,35418151,35418152,35418153,35418154,35418155,35418156,35418157,35418158,35418159,35418160,35418161,35418162,35418163,35418164,35418165,35418166,35418167,35418168,35418169,35418170,35418171,35418172,35418173,35418174,35418175,35418176,35418177,35418178,35418179,35418180,35418181,35418182,35418183,35418184,35418185,35418186,35418187,35418188,35418189,35418190,35418191,35418192,35418193,35418194,35418195,35418196,35418197,35418198,35418199,35418200,35418201,35418202,35418203,35418204,35418205,35418206,35418207,35418208,35418209,35418210,35418211,35418212,35418213,35418214,35418215,35418216,35418217,35418218,35418219,35418220,35418221,35418222,35418223,35418224,35418225,35418226,35418227,35418228,35418229,35418230,35418231,35418232,35418233,35418234,35418235,35418236,35418237,35418238,35418239,35418240,35418241,35418242,35418243,35418244,35418245,35418246,35418247,35418248,35418249,35418250,35418251,35418252,35418253,35418254,35418255,35418256,35418257,35418258,35418259,35418260,35418261,35418262,35418263,35418264,35418265,35418266,35418267,35418268,35418269,35418270,35418271,35418272,35418273,35418274,35418275,35418276,35418277,35418278,35418279,35418280,35418281,35418282,35418283,35418284,35418285,35418286,35418287,35418288,35418289,35418290,35418291,35418292,35418293,35418294,35418295,35418296,35418297,35418298,35418299,35418300,35418301,35418302,35418303,35418304,35418305,35418306,35418307,35418308,35418309,35418310,35418311,35418312,35418313,35418314,35418315,35418316,35418317,35418318,35418319,35418320,35418321,35418322,35418323,35418324,35418325,35418326,35418327,35418328,35418329,35418330,35418331,35418332,35418333,35418334,35418335,35418336,35418337,35418338,35418339,35418340,35418341,35418342,35418343,35418344,35418345,35418346,35418347,35418348,35418349,35418350,35418351,35418352,35418353,35418354,35418355,35418356,35418357,35418358,35418359,35418360,35418361,35418362,35418363,35418364,35418365,35418366,35418367,35418368,35418369,35418370,35418371,35418372,35418373,35418374,35418375,35418376,35418377,35418378,35418379,35418380,35418381,35418382,35418383,35418384,35418385,35418386,35418387,35418388,35418389,35418390,35418391,35418392,35418393,35418394,35418395,35418396,35418397,35418398,35418399,35418400,35418401,35418402,35418403,35418404,35418405,35418406,35418407,35418408,35418409,35418410,35418411,35418412,35418413,35418414,35418415,35418416,35418417,35418418,35418419,35418420,35418421,35418422,35418423,35418424,35418425,35418426,35418427,35418428,35418429,35418430,35418431,35418432,35418433,35418434,35418435,35418436,35418437,35418438,35418439,35418440,35418441,35418442,35418443,35418444,35418445,35418446,35418447,35418448,35418449,35418450,35418451,35418452,35418453,35418454,35418455,35418456,35418457,35418458,35418459,35418460,35418461,35418462,35418463,35418464,35418465,35418466,35418467,35418468,35418469,35418470,35418471,35418472,35418473,35418474,35418475,35418476,35418477,35418478,35418479,35418480,35418481,35418482,35418483,35418484,35418485,35418486,35418487,35418488,35418489,35418490,35418491,35418492,35418493,35418494,35418495,35418496,35418497,35418498,35418499,35418500,35418501,35418502,35418503,35418504,35418505,35418506,35418507,35418508,35418509,35418510,35418511,35418512,35418513,35418514,35418515,35418516,35418517,35418518,35418519,35418520,35418521,35418522,35418523,35418524,35418525,35418526,35418527,35418528,35418529,35418530,35418531,35418532,35418533,35418534,35418535,35418536,35418537,35418538,35418539,35418540,35418541,35418542,35418543,35418544,35418545,35418546,35418547,35418548,35418549,35418550,35418551,35418552,35418553,35418554,35418555,35418556,35418557,35418558,35418559,35418560,35418561,35418562,35418563,35418564,35418565,35418566,35418567,35418568,35418569,35418570,35418571,35418572,35418573,35418574,35418575,35418576,35418577,35418578,35418579,35418580,35418581,35418582,35418583,35418584,35418585,35418586,35418587,35418588,35418589,35418590,35418591,35418592,35418593,35418594,35418595,35418596,35418597,35418598,35418599,35418600,35418601,35418602,35418603,35418604,35418605,35418606,35418607,35418608,35418609,35418610,35418611,35418612,35418613,35418614,35418615,35418616,35418617,35418618,35418619,35418620,35418621,35418622,35418623,35418624,35418625,35418626,35418627,35418628,35418629,35418630,35418631,35418632,35418633,35418634,35418635,35418636,35418637,35418638,35418639,35418640,35418641,35418642,35418643,35418644,35418645,35418646,35418647,35418648,35418649,35418650,35418651,35418652,35418653,35418654,35418655,35418656,35418657,35418658,35418659,35418660,35418661,35418662,35418663,35418664,35418665,35418666,35418667,35418668,35418669,35418670,35418671,35418672,35418673,35418674,35418675,35418676,35418677,35418678,35418679,35418680,35418681,35418682,35418683,35418684,35418685,35418686,35418687,35418688,35418689,35418690,35418691,35418692,35418693,35418694,35418695,35418696,35418697,35418698,35418699,35418700,35418701,35418702,35418703,35418704,35418705,35418706,35418707,35418708,35418709,35418710,35418711,35418712,35418713,35418714,35418715,35418716,35418717,35418718,35418719,35418720,35418721,35418722,35418723,35418724,35418725,35418726,35418727,35418728,35418729,35418730,35418731,35418732,35418733,35418734,35418735,35418736,35418737,35418738,35418739,35418740,35418741,35418742,35418743,35418744,35418745,35418746,35418747,35418748,35418749,35418750,35418751,35418752,35418753,35418754,35418755,35418756,35418757,35418758,35418759,35418760,35418761,35418762,35418763,35418764,35418765,35418766,35418767,35418768,35418769,35418770,35418771,35418772,35418773,35418774,35418775,35418776,35418777,35418778,35418779,35418780,35418781,35418782,35418783,35418784,35418785,35418786,35418787,35418788,35418789,35418790,35418791,35418792,35418793,35418794,35418795,35418796,35418797,35418798,35418799,35418800,35418801,35418802,35418803,35418804,35418805,35418806,35418807,35418808,35418809,35418810,35418811,35418812,35418813,35418814,35418815,35418816,35418817,35418818,35418819,35418820,35418821,35418822,35418823,35418824,35418825,35418826,35418827,35418828,35418829,35418830,35418831,35418832,35418833,35418834,35418835,35418836,35418837,35418838,35418839,35418840,35418841,35418842,35418843,35418844,35418845,35418846,35418847,35418848,35418849,35418850,35418851,35418852,35418853,35418854,35418855,35418856,35418857,35418858,35418859,35418860,35418861,35418862,35418863,35418864,35418865,35418866,35418867,35418868,35418869,35418870,35418871,35418872,35418873,35418874,35418875,35418876,35418877,35418878,35418879,35418880,35418881,35418882,35418883,35418884,35418885,35418886,35418887,35418888,35418889,35418890,35418891,35418892,35418893,35418894,35418895,35418896,35418897,35418898,35418899,35418900,35418901,35418902,35418903,35418904,35418905,35418906,35418907,35418908,35418909,35418910,35418911,35418912,35418913,35418914,35418915,35418916,35418917,35418918,35418919,35418920,35418921,35418922,35418923,35418924,35418925,35418926,35418927,35418928,35418929,35418930,35418931,35418932,35418933,35418934,35418935,35418936,35418937,35418938,35418939,35418940,35418941,35418942,35418943,35418944,35418945,35418946,35418947,35418948,35418949,35418950,35418951,35418952,35418953,35418954,35418955,35418956,35418957,35418958,35418959,35418960,35418961,35418962,35418963,35418964,35418965,35418966,35418967,35418968,35418969,35418970,35418971,35418972,35418973,35418974,35418975,35418976,35418977,35418978,35418979,35418980,35418981,35418982,35418983,35418984,35418985,35418986,35418987,35418988,35418989,35418990,35418991,35418992,35418993,35418994,35418995,35418996,35418997,35418998,35418999,35419000,35419001,35419002,35419003,35419004,35419005,35419006,35419007,35419008,35419009,35419010,35419011,35419012,35419013,35419014,35419015,35419016,35419017,35419018,35419019,35419020,35419021,35419022,35419023,35419024,35419025,35419026,35419027,35419028,35419029,35419030,35419031,35419032,35419033,35419034,35419035,35419036,35419037,35419038,35419039,35419040,35419041,35419042,35419043,35419044,35419045,35419046,35419047,35419048,35419049,35419050,35419051,35419052,35419053,35419054,35419055,35419056,35419057,35419058,35419059,35419060,35419061,35419062,35419063,35419064,35419065,35419066,35419067,35419068,35419069,35419070,35419071,35419072,35419073,35419074,35419075,35419076,35419077,35419078,35419079,35419080,35419081,35419082,35419083,35419084,35419085,35419086,35419087,35419088,35419089,35419090,35419091,35419092,35419093,35419094,35419095,35419096,35419097,35419098,35419099,35419100,35419101,35419102,35419103,35419104,35419105,35419106,35419107,35419108,35419109,35419110,35419111,35419112,35419113,35419114,35419115,35419116,35419117,35419118,35419119,35419120,35419121,35419122,35419123,35419124,35419125,35419126,35419127,35419128,35419129,35419130,35419131,35419132,35419133,35419134,35419135,35419136,35419137,35419138,35419139,35419140,35419141,35419142,35419143,35419144,35419145,35419146,35419147,35419148,35419149,35419150,35419151,35419152,35419153,35419154,35419155,35419156,35419157,35419158,35419159,35419160,35419161,35419162,35419163,35419164,35419165,35419166,35419167,35419168,35419169,35419170,35419171,35419172,35419173,35419174,35419175,35419176,35419177,35419178,35419179,35419180,35419181,35419182,35419183,35419184,35419185,35419186,35419187,35419188,35419189,35419190,35419191,35419192,35419193,35419194,35419195,35419196,35419197,35419198,35419199,35419200,35419201,35419202,35419203,35419204,35419205,35419206,35419207,35419208,35419209,35419210,35419211,35419212,35419213,35419214,35419215,35419216,35419217,35419218,35419219,35419220,35419221,35419222,35419223,35419224,35419225,35419226,35419227,35419228,35419229,35419230,35419231,35419232,35419233,35419234,35419235,35419236,35419237,35419238,35419239,35419240,35419241,35419242,35419243,35419244,35419245,35419246,35419247,35419248,35419249,35419250,35419251,35419252,35419253,35419254,35419255,35419256,35419257,35419258,35419259,35419260,35419261,35419262,35419263,35419264,35419265,35419266,35419267,35419268,35419269,35419270,35419271,35419272,35419273,35419274,35419275,35419276,35419277,35419278,35419279,35419280,35419281,35419282,35419283,35419284,35419285,35419286,35419287,35419288,35419289,35419290,35419291,35419292,35419293,35419294,35419295,35419296,35419297,35419298,35419299,35419300,35419301,35419302,35419303,35419304,35419305,35419306,35419307,35419308,35419309,35419310,35419311,35419312,35419313,35419314,35419315,35419316,35419317,35419318,35419319,35419320,35419321,35419322,35419323,35419324,35419325,35419326,35419327,35419328,35419329,35419330,35419331,35419332,35419333,35419334,35419335,35419336,35419337,35419338,35419339,35419340,35419341,35419342,35419343,35419344,35419345,35419346,35419347,35419348,35419349,35419350,35419351,35419352,35419353,35419354,35419355,35419356,35419357,35419358,35419359,35419360,35419361,35419362,35419363,35419364,35419365,35419366,35419367,35419368,35419369,35419370,35419371,35419372,35419373,35419374,35419375,35419376,35419377,35419378,35419379,35419380,35419381,35419382,35419383,35419384,35419385,35419386,35419387,35419388,35419389,35419390,35419391,35419392,35419393,35419394,35419395,35419396,35419397,35419398,35419399,35419400,35419401,35419402,35419403,35419404,35419405,35419406,35419407,35419408,35419409,35419410,35419411,35419412,35419413,35419414,35419415,35419416,35419417,35419418,35419419,35419420,35419421,35419422,35419423,35419424,35419425,35419426,35419427,35419428,35419429,35419430,35419431,35419432,35419433,35419434,35419435,35419436,35419437,35419438,35419439,35419440,35419441,35419442,35419443,35419444,35419445,35419446,35419447,35419448,35419449,35419450,35419451,35419452,35419453,35419454,35419455,35419456,35419457,35419458,35419459,35419460,35419461,35419462,35419463,35419464,35419465,35419466,35419467,35419468,35419469,35419470,35419471,35419472,35419473,35419474,35419475,35419476,35419477,35419478,35419479,35419480,35419481,35419482,35419483,35419484,35419485,35419486,35419487,35419488,35419489,35419490,35419491,35419492,35419493,35419494,35419495,35419496,35419497,35419498,35419499,35419500,35419501,35419502,35419503,35419504,35419505,35419506,35419507,35419508,35419509,35419510,35419511,35419512,35419513,35419514,35419515,35419516,35419517,35419518,35419519,35419520,35419521,35419522,35419523,35419524,35419525,35419526,35419527,35419528,35419529,35419530,35419531,35419532,35419533,35419534,35419535,35419536,35419537,35419538,35419539,35419540,35419541,35419542,35419543,35419544,35419545,35419546,35419547,35419548,35419549,35419550,35419551,35419552,35419553,35419554,35419555,35419556,35419557,35419558,35419559,35419560,35419561,35419562,35419563,35419564,35419565,35419566,35419567,35419568,35419569,35419570,35419571,35419572,35419573,35419574,35419575,35419576,35419577,35419578,35419579,35419580,35419581,35419582,35419583,35419584,35419585,35419586,35419587,35419588,35419589,35419590,35419591,35419592,35419593,35419594,35419595,35419596,35419597,35419598,35419599,35419600,35419601,35419602,35419603,35419604,35419605,35419606,35419607,35419608,35419609,35419610,35419611,35419612,35419613,35419614,35419615,35419616,35419617,35419618,35419619,35419620,35419621,35419622,35419623,35419624,35419625,35419626,35419627,35419628,35419629,35419630,35419631,35419632,35419633,35419634,35419635,35419636,35419637,35419638,35419639,35419640,35419641,35419642,35419643,35419644,35419645,35419646,35419647,35419648,35419649,35419650,35419651,35419652,35419653,35419654,35419655,35419656,35419657,35419658,35419659,35419660,35419661,35419662,35419663,35419664,35419665,35419666,35419667,35419668,35419669,35419670,35419671,35419672,35419673,35419674,35419675,35419676,35419677,35419678,35419679,35419680,35419681,35419682,35419683,35419684,35419685,35419686,35419687,35419688,35419689,35419690,35419691,35419692,35419693,35419694,35419695,35419696,35419697,35419698,35419699,35419700,35419701,35419702,35419703,35419704,35419705,35419706,35419707,35419708,35419709,35419710,35419711,35419712,35419713,35419714,35419715,35419716,35419717,35419718,35419719,35419720,35419721,35419722,35419723,35419724,35419725,35419726,35419727,35419728,35419729,35419730,35419731,35419732,35419733,35419734,35419735,35419736,35419737,35419738,35419739,35419740,35419741,35419742,35419743,35419744,35419745,35419746,35419747,35419748,35419749,35419750,35419751,35419752,35419753,35419754,35419755,35419756,35419757,35419758,35419759,35419760,35419761,35419762,35419763,35419764,35419765,35419766,35419767,35419768,35419769,35419770,35419771,35419772,35419773,35419774,35419775,35419776,35419777,35419778,35419779,35419780,35419781,35419782,35419783,35419784,35419785,35419786,35419787,35419788,35419789,35419790,35419791,35419792,35419793,35419794,35419795,35419796,35419797,35419798,35419799,35419800,35419801,35419802,35419803,35419804,35419805,35419806,35419807,35419808,35419809,35419810,35419811,35419812,35419813,35419814,35419815,35419816,35419817,35419818,35419819,35419820,35419821,35419822,35419823,35419824,35419825,35419826,35419827,35419828,35419829,35419830,35419831,35419832,35419833,35419834,35419835,35419836,35419837,35419838,35419839,35419840,35419841,35419842,35419843,35419844,35419845,35419846,35419847,35419848,35419849,35419850,35419851,35419852,35419853,35419854,35419855,35419856,35419857,35419858,35419859,35419860,35419861,35419862,35419863,35419864,35419865,35419866,35419867,35419868,35419869,35419870,35419871,35419872,35419873,35419874,35419875,35419876,35419877,35419878,35419879,35419880,35419881,35419882,35419883,35419884,35419885,35419886,35419887,35419888,35419889,35419890,35419891,35419892,35419893,35419894,35419895,35419896,35419897,35419898,35419899,35419900,35419901,35419902,35419903,35419904,35419905,35419906,35419907,35419908,35419909,35419910,35419911,35419912,35419913,35419914,35419915,35419916,35419917,35419918,35419919,35419920,35419921,35419922,35419923,35419924,35419925,35419926,35419927,35419928,35419929,35419930,35419931,35419932,35419933,35419934,35419935,35419936,35419937,35419938,35419939,35419940,35419941,35419942,35419943,35419944,35419945,35419946,35419947,35419948,35419949,35419950,35419951,35419952,35419953,35419954,35419955,35419956,35419957,35419958,35419959,35419960,35419961,35419962,35419963,35419964,35419965,35419966,35419967,35419968,35419969,35419970,35419971,35419972,35419973,35419974,35419975,35419976,35419977,35419978,35419979,35419980,35419981,35419982,35419983,35419984,35419985,35419986,35419987,35419988,35419989,35419990,35419991,35419992,35419993,35419994,35419995,35419996,35419997,35419998,35419999,35420000,35420001,35420002,35420003,35420004,35420005,35420006,35420007,35420008,35420009,35420010,35420011,35420012,35420013,35420014,35420015,35420016,35420017,35420018,35420019,35420020,35420021,35420022,35420023,35420024,35420025,35420026,35420027,35420028,35420029,35420030,35420031,35420032,35420033,35420034,35420035,35420036,35420037,35420038,35420039,35420040,35420041,35420042,35420043,35420044,35420045,35420046,35420047,35420048,35420049,35420050,35420051,35420052,35420053,35420054,35420055,35420056,35420057,35420058,35420059,35420060,35420061,35420062,35420063,35420064,35420065,35420066,35420067,35420068,35420069,35420070,35420071,35420072,35420073,35420074,35420075,35420076,35420077,35420078,35420079,35420080,35420081,35420082,35420083,35420084,35420085,35420086,35420087,35420088,35420089,35420090,35420091,35420092,35420093,35420094,35420095,35420096,35420097,35420098,35420099,35420100,35420101,35420102,35420103,35420104,35420105,35420106,35420107,35420108,35420109,35420110,35420111,35420112,35420113,35420114,35420115,35420116,35420117,35420118,35420119,35420120,35420121,35420122,35420123,35420124,35420125,35420126,35420127,35420128,35420129,35420130,35420131,35420132,35420133,35420134,35420135,35420136,35420137,35420138,35420139,35420140,35420141,35420142,35420143,35420144,35420145,35420146,35420147,35420148,35420149,35420150,35420151,35420152,35420153,35420154,35420155,35420156,35420157,35420158,35420159,35420160,35420161,35420162,35420163,35420164,35420165,35420166,35420167,35420168,35420169,35420170,35420171,35420172,35420173,35420174,35420175,35420176,35420177,35420178,35420179,35420180,35420181,35420182,35420183,35420184,35420185,35420186,35420187,35420188,35420189,35420190,35420191,35420192,35420193,35420194,35420195,35420196,35420197,35420198,35420199,35420200,35420201,35420202,35420203,35420204,35420205,35420206,35420207,35420208,35420209,35420210,35420211,35420212,35420213,35420214,35420215,35420216,35420217,35420218,35420219,35420220,35420221,35420222,35420223,35420224,35420225,35420226,35420227,35420228,35420229,35420230,35420231,35420232,35420233,35420234,35420235,35420236,35420237,35420238,35420239,35420240,35420241,35420242,35420243,35420244,35420245,35420246,35420247,35420248,35420249,35420250,35420251,35420252,35420253,35420254,35420255,35420256,35420257,35420258,35420259,35420260,35420261,35420262,35420263,35420264,35420265,35420266,35420267,35420268,35420269,35420270,35420271,35420272,35420273,35420274,35420275,35420276,35420277,35420278,35420279,35420280,35420281,35420282,35420283,35420284,35420285,35420286,35420287,35420288,35420289,35420290,35420291,35420292,35420293,35420294,35420295,35420296,35420297,35420298,35420299,35420300,35420301,35420302,35420303,35420304,35420305,35420306,35420307,35420308,35420309,35420310,35420311,35420312,35420313,35420314,35420315,35420316,35420317,35420318,35420319,35420320,35420321,35420322,35420323,35420324,35420325,35420326,35420327,35420328,35420329,35420330,35420331,35420332,35420333,35420334,35420335,35420336,35420337,35420338,35420339,35420340,35420341,35420342,35420343,35420344,35420345,35420346,35420347,35420348,35420349,35420350,35420351,35420352,35420353,35420354,35420355,35420356,35420357,35420358,35420359,35420360,35420361,35420362,35420363,35420364,35420365,35420366,35420367,35420368,35420369,35420370,35420371,35420372,35420373,35420374,35420375,35420376,35420377,35420378,35420379,35420380,35420381,35420382,35420383,35420384,35420385,35420386,35420387,35420388,35420389,35420390,35420391,35420392,35420393,35420394,35420395,35420396,35420397,35420398,35420399,35420400,35420401,35420402,35420403,35420404,35420405,35420406,35420407,35420408,35420409,35420410,35420411,35420412,35420413,35420414,35420415,35420416,35420417,35420418,35420419,35420420,35420421,35420422,35420423,35420424,35420425,35420426,35420427,35420428,35420429,35420430,35420431,35420432,35420433,35420434,35420435,35420436,35420437,35420438,35420439,35420440,35420441,35420442,35420443,35420444,35420445,35420446,35420447,35420448,35420449,35420450,35420451,35420452,35420453,35420454,35420455,35420456,35420457,35420458,35420459,35420460,35420461,35420462,35420463,35420464,35420465,35420466,35420467,35420468,35420469,35420470,35420471,35420472,35420473,35420474,35420475,35420476,35420477,35420478,35420479,35420480,35420481,35420482,35420483,35420484,35420485,35420486,35420487,35420488,35420489,35420490,35420491,35420492,35420493,35420494,35420495,35420496,35420497,35420498,35420499,35420500,35420501,35420502,35420503,35420504,35420505,35420506,35420507,35420508,35420509,35420510,35420511,35420512,35420513,35420514,35420515,35420516,35420517,35420518,35420519,35420520,35420521,35420522,35420523,35420524,35420525,35420526,35420527,35420528,35420529,35420530,35420531,35420532,35420533,35420534,35420535,35420536,35420537,35420538,35420539,35420540,35420541,35420542,35420543,35420544,35420545,35420546,35420547,35420548,35420549,35420550,35420551,35420552,35420553,35420554,35420555,35420556,35420557,35420558,35420559,35420560,35420561,35420562,35420563,35420564,35420565,35420566,35420567,35420568,35420569,35420570,35420571,35420572,35420573,35420574,35420575,35420576,35420577,35420578,35420579,35420580,35420581,35420582,35420583,35420584,35420585,35420586,35420587,35420588,35420589,35420590,35420591,35420592,35420593,35420594,35420595,35420596,35420597,35420598,35420599,35420600,35420601,35420602,35420603,35420604,35420605,35420606,35420607,35420608,35420609,35420610,35420611,35420612,35420613,35420614,35420615,35420616,35420617,35420618,35420619,35420620,35420621,35420622,35420623,35420624,35420625,35420626,35420627,35420628,35420629,35420630,35420631,35420632,35420633,35420634,35420635,35420636,35420637,35420638,35420639,35420640,35420641,35420642,35420643,35420644,35420645,35420646,35420647,35420648,35420649,35420650,35420651,35420652,35420653,35420654,35420655,35420656,35420657,35420658,35420659,35420660,35420661,35420662,35420663,35420664,35420665,35420666,35420667,35420668,35420669,35420670,35420671,35420672,35420673,35420674,35420675,35420676,35420677,35420678,35420679,35420680,35420681,35420682,35420683,35420684,35420685,35420686,35420687,35420688,35420689,35420690,35420691,35420692,35420693,35420694,35420695,35420696,35420697,35420698,35420699,35420700,35420701,35420702,35420703,35420704,35420705,35420706,35420707,35420708,35420709,35420710,35420711,35420712,35420713,35420714,35420715,35420716,35420717,35420718,35420719,35420720,35420721,35420722,35420723,35420724,35420725,35420726,35420727,35420728,35420729,35420730,35420731,35420732,35420733,35420734,35420735,35420736,35420737,35420738,35420739,35420740,35420741,35420742,35420743,35420744,35420745,35420746,35420747,35420748,35420749,35420750,35420751,35420752,35420753,35420754,35420755,35420756,35420757,35420758,35420759,35420760,35420761,35420762,35420763,35420764,35420765,35420766,35420767,35420768,35420769,35420770,35420771,35420772,35420773,35420774,35420775,35420776,35420777,35420778,35420779,35420780,35420781,35420782,35420783,35420784,35420785,35420786,35420787,35420788,35420789,35420790,35420791,35420792,35420793,35420794,35420795,35420796,35420797,35420798,35420799,35420800,35420801,35420802,35420803,35420804,35420805,35420806,35420807,35420808,35420809,35420810,35420811,35420812,35420813,35420814,35420815,35420816,35420817,35420818,35420819,35420820,35420821,35420822,35420823,35420824,35420825,35420826,35420827,35420828,35420829,35420830,35420831,35420832,35420833,35420834,35420835,35420836,35420837,35420838,35420839,35420840,35420841,35420842,35420843,35420844,35420845,35420846,35420847,35420848,35420849,35420850,35420851,35420852,35420853,35420854,35420855,35420856,35420857,35420858,35420859,35420860,35420861,35420862,35420863,35420864,35420865,35420866,35420867,35420868,35420869,35420870,35420871,35420872,35420873,35420874,35420875,35420876,35420877,35420878,35420879,35420880,35420881,35420882,35420883,35420884,35420885,35420886,35420887,35420888,35420889,35420890,35420891,35420892,35420893,35420894,35420895,35420896,35420897,35420898,35420899,35420900,35420901,35420902,35420903,35420904,35420905,35420906,35420907,35420908,35420909,35420910,35420911,35420912,35420913,35420914,35420915,35420916,35420917,35420918,35420919,35420920,35420921,35420922,35420923,35420924,35420925,35420926,35420927,35420928,35420929,35420930,35420931,35420932,35420933,35420934,35420935,35420936,35420937,35420938,35420939,35420940,35420941,35420942,35420943,35420944,35420945,35420946,35420947,35420948,35420949,35420950,35420951,35420952,35420953,35420954,35420955,35420956,35420957,35420958,35420959,35420960,35420961,35420962,35420963,35420964,35420965,35420966,35420967,35420968,35420969,35420970,35420971,35420972,35420973,35420974,35420975,35420976,35420977,35420978,35420979,35420980,35420981,35420982,35420983,35420984,35420985,35420986,35420987,35420988,35420989,35420990,35420991,35420992,35420993,35420994,35420995,35420996,35420997,35420998,35420999,35421000,35421001,35421002,35421003,35421004,35421005,35421006,35421007,35421008,35421009,35421010,35421011,35421012,35421013,35421014,35421015,35421016,35421017,35421018,35421019,35421020,35421021,35421022,35421023,35421024,35421025,35421026,35421027,35421028,35421029,35421030,35421031,35421032,35421033,35421034,35421035,35421036,35421037,35421038,35421039,35421040,35421041,35421042,35421043,35421044,35421045,35421046,35421047,35421048,35421049,35421050,35421051,35421052,35421053,35421054,35421055,35421056,35421057,35421058,35421059,35421060,35421061,35421062,35421063,35421064,35421065,35421066,35421067,35421068,35421069,35421070,35421071,35421072,35421073,35421074,35421075,35421076,35421077,35421078,35421079,35421080,35421081,35421082,35421083,35421084,35421085,35421086,35421087,35421088,35421089,35421090,35421091,35421092,35421093,35421094,35421095,35421096,35421097,35421098,35421099,35421100,35421101,35421102,35421103,35421104,35421105,35421106,35421107,35421108,35421109,35421110,35421111,35421112,35421113,35421114,35421115,35421116,35421117,35421118,35421119,35421120,35421121,35421122,35421123,35421124,35421125,35421126,35421127,35421128,35421129,35421130,35421131,35421132,35421133,35421134,35421135,35421136,35421137,35421138,35421139,35421140,35421141,35421142,35421143,35421144,35421145,35421146,35421147,35421148,35421149,35421150,35421151,35421152,35421153,35421154,35421155,35421156,35421157,35421158,35421159,35421160,35421161,35421162,35421163,35421164,35421165,35421166,35421167,35421168,35421169,35421170,35421171,35421172,35421173,35421174,35421175,35421176,35421177,35421178,35421179,35421180,35421181,35421182,35421183,35421184,35421185,35421186,35421187,35421188,35421189,35421190,35421191,35421192,35421193,35421194,35421195,35421196,35421197,35421198,35421199,35421200,35421201,35421202,35421203,35421204,35421205,35421206,35421207,35421208,35421209,35421210,35421211,35421212,35421213,35421214,35421215,35421216,35421217,35421218,35421219,35421220,35421221,35421222,35421223,35421224,35421225,35421226,35421227,35421228,35421229,35421230,35421231,35421232,35421233,35421234,35421235,35421236,35421237,35421238,35421239,35421240,35421241,35421242,35421243,35421244,35421245,35421246,35421247,35421248,35421249,35421250,35421251,35421252,35421253,35421254,35421255,35421256,35421257,35421258,35421259,35421260,35421261,35421262,35421263,35421264,35421265,35421266,35421267,35421268,35421269,35421270,35421271,35421272,35421273,35421274,35421275,35421276,35421277,35421278,35421279,35421280,35421281,35421282,35421283,35421284,35421285,35421286,35421287,35421288,35421289,35421290,35421291,35421292,35421293,35421294,35421295,35421296,35421297,35421298,35421299,35421300,35421301,35421302,35421303,35421304,35421305,35421306,35421307,35421308,35421309,35421310,35421311,35421312,35421313,35421314,35421315,35421316,35421317,35421318,35421319,35421320,35421321,35421322,35421323,35421324,35421325,35421326,35421327,35421328,35421329,35421330,35421331,35421332,35421333,35421334,35421335,35421336,35421337,35421338,35421339,35421340,35421341,35421342,35421343,35421344,35421345,35421346,35421347,35421348,35421349,35421350,35421351,35421352,35421353,35421354,35421355,35421356,35421357,35421358,35421359,35421360,35421361,35421362,35421363,35421364,35421365,35421366,35421367,35421368,35421369,35421370,35421371,35421372,35421373,35421374,35421375,35421376,35421377,35421378,35421379,35421380,35421381,35421382,35421383,35421384,35421385,35421386,35421387,35421388,35421389,35421390,35421391,35421392,35421393,35421394,35421395,35421396,35421397,35421398,35421399,35421400,35421401,35421402,35421403,35421404,35421405,35421406,35421407,35421408,35421409,35421410,35421411,35421412,35421413,35421414,35421415,35421416,35421417,35421418,35421419,35421420,35421421,35421422,35421423,35421424,35421425,35421426,35421427,35421428,35421429,35421430,35421431,35421432,35421433,35421434,35421435,35421436,35421437,35421438,35421439,35421440,35421441,35421442,35421443,35421444,35421445,35421446,35421447,35421448,35421449,35421450,35421451,35421452,35421453,35421454,35421455,35421456,35421457,35421458,35421459,35421460,35421461,35421462,35421463,35421464,35421465,35421466,35421467,35421468,35421469,35421470,35421471,35421472,35421473,35421474,35421475,35421476,35421477,35421478,35421479,35421480,35421481,35421482,35421483,35421484,35421485,35421486,35421487,35421488,35421489,35421490,35421491,35421492,35421493,35421494,35421495,35421496,35421497,35421498,35421499,35421500,35421501,35421502,35421503,35421504,35421505,35421506,35421507,35421508,35421509,35421510,35421511,35421512,35421513,35421514,35421515,35421516,35421517,35421518,35421519,35421520,35421521,35421522,35421523,35421524,35421525,35421526,35421527,35421528,35421529,35421530,35421531,35421532,35421533,35421534,35421535,35421536,35421537,35421538,35421539,35421540,35421541,35421542,35421543,35421544,35421545,35421546,35421547,35421548,35421549,35421550,35421551,35421552,35421553,35421554,35421555,35421556,35421557,35421558,35421559,35421560,35421561,35421562,35421563,35421564,35421565,35421566,35421567,35421568,35421569,35421570,35421571,35421572,35421573,35421574,35421575,35421576,35421577,35421578,35421579,35421580,35421581,35421582,35421583,35421584,35421585,35421586,35421587,35421588,35421589,35421590,35421591,35421592,35421593,35421594,35421595,35421596,35421597,35421598,35421599,35421600,35421601,35421602,35421603,35421604,35421605,35421606,35421607,35421608,35421609,35421610,35421611,35421612,35421613,35421614,35421615,35421616,35421617,35421618,35421619,35421620,35421621,35421622,35421623,35421624,35421625,35421626,35421627,35421628,35421629,35421630,35421631,35421632,35421633,35421634,35421635,35421636,35421637,35421638,35421639,35421640,35421641,35421642,35421643,35421644,35421645,35421646,35421647,35421648,35421649,35421650,35421651,35421652,35421653,35421654,35421655,35421656,35421657,35421658,35421659,35421660,35421661,35421662,35421663,35421664,35421665,35421666,35421667,35421668,35421669,35421670,35421671,35421672,35421673,35421674,35421675,35421676,35421677,35421678,35421679,35421680,35421681,35421682,35421683,35421684,35421685,35421686,35421687,35421688,35421689,35421690,35421691,35421692,35421693,35421694,35421695,35421696,35421697,35421698,35421699,35421700,35421701,35421702,35421703,35421704,35421705,35421706,35421707,35421708,35421709,35421710,35421711,35421712,35421713,35421714,35421715,35421716,35421717,35421718,35421719,35421720,35421721,35421722,35421723,35421724,35421725,35421726,35421727,35421728,35421729,35421730,35421731,35421732,35421733,35421734,35421735,35421736,35421737,35421738,35421739,35421740,35421741,35421742,35421743,35421744,35421745,35421746,35421747,35421748,35421749,35421750,35421751,35421752,35421753,35421754,35421755,35421756,35421757,35421758,35421759,35421760,35421761,35421762,35421763,35421764,35421765,35421766,35421767,35421768,35421769,35421770,35421771,35421772,35421773,35421774,35421775,35421776,35421777,35421778,35421779,35421780,35421781,35421782,35421783,35421784,35421785,35421786,35421787,35421788,35421789,35421790,35421791,35421792,35421793,35421794,35421795,35421796,35421797,35421798,35421799,35421800,35421801,35421802,35421803,35421804,35421805,35421806,35421807,35421808,35421809,35421810,35421811,35421812,35421813,35421814,35421815,35421816,35421817,35421818,35421819,35421820,35421821,35421822,35421823,35421824,35421825,35421826,35421827,35421828,35421829,35421830,35421831,35421832,35421833,35421834,35421835,35421836,35421837,35421838,35421839,35421840,35421841,35421842,35421843,35421844,35421845,35421846,35421847,35421848,35421849,35421850,35421851,35421852,35421853,35421854,35421855,35421856,35421857,35421858,35421859,35421860,35421861,35421862,35421863,35421864,35421865,35421866,35421867,35421868,35421869,35421870,35421871,35421872,35421873,35421874,35421875,35421876,35421877,35421878,35421879,35421880,35421881,35421882,35421883,35421884,35421885,35421886,35421887,35421888,35421889,35421890,35421891,35421892,35421893,35421894,35421895,35421896,35421897,35421898,35421899,35421900,35421901,35421902,35421903,35421904,35421905,35421906,35421907,35421908,35421909,35421910,35421911,35421912,35421913,35421914,35421915,35421916,35421917,35421918,35421919,35421920,35421921,35421922,35421923,35421924,35421925,35421926,35421927,35421928,35421929,35421930,35421931,35421932,35421933,35421934,35421935,35421936,35421937,35421938,35421939,35421940,35421941,35421942,35421943,35421944,35421945,35421946,35421947,35421948,35421949,35421950,35421951,35421952,35421953,35421954,35421955,35421956,35421957,35421958,35421959,35421960,35421961,35421962,35421963,35421964,35421965,35421966,35421967,35421968,35421969,35421970,35421971,35421972,35421973,35421974,35421975,35421976,35421977,35421978,35421979,35421980,35421981,35421982,35421983,35421984,35421985,35421986,35421987,35421988,35421989,35421990,35421991,35421992,35421993,35421994,35421995,35421996,35421997,35421998,35421999,35422000,35422001,35422002,35422003,35422004,35422005,35422006,35422007,35422008,35422009,35422010,35422011,35422012,35422013,35422014,35422015,35422016,35422017,35422018,35422019,35422020,35422021,35422022,35422023,35422024,35422025,35422026,35422027,35422028,35422029,35422030,35422031,35422032,35422033,35422034,35422035,35422036,35422037,35422038,35422039,35422040,35422041,35422042,35422043,35422044,35422045,35422046,35422047,35422048,35422049,35422050,35422051,35422052,35422053,35422054,35422055,35422056,35422057,35422058,35422059,35422060,35422061,35422062,35422063,35422064,35422065,35422066,35422067,35422068,35422069,35422070,35422071,35422072,35422073,35422074,35422075,35422076,35422077,35422078,35422079,35422080,35422081,35422082,35422083,35422084,35422085,35422086,35422087,35422088,35422089,35422090,35422091,35422092,35422093,35422094,35422095,35422096,35422097,35422098,35422099,35422100,35422101,35422102,35422103,35422104,35422105,35422106,35422107,35422108,35422109,35422110,35422111,35422112,35422113,35422114,35422115,35422116,35422117,35422118,35422119,35422120,35422121,35422122,35422123,35422124,35422125,35422126,35422127,35422128,35422129,35422130,35422131,35422132,35422133,35422134,35422135,35422136,35422137,35422138,35422139,35422140,35422141,35422142,35422143,35422144,35422145,35422146,35422147,35422148,35422149,35422150,35422151,35422152,35422153,35422154,35422155,35422156,35422157,35422158,35422159,35422160,35422161,35422162,35422163,35422164,35422165,35422166,35422167,35422168,35422169,35422170,35422171,35422172,35422173,35422174,35422175,35422176,35422177,35422178,35422179,35422180,35422181,35422182,35422183,35422184,35422185,35422186,35422187,35422188,35422189,35422190,35422191,35422192,35422193,35422194,35422195,35422196,35422197,35422198,35422199,35422200,35422201,35422202,35422203,35422204,35422205,35422206,35422207,35422208,35422209,35422210,35422211,35422212,35422213,35422214,35422215,35422216,35422217,35422218,35422219,35422220,35422221,35422222,35422223,35422224,35422225,35422226,35422227,35422228,35422229,35422230,35422231,35422232,35422233,35422234,35422235,35422236,35422237,35422238,35422239,35422240,35422241,35422242,35422243,35422244,35422245,35422246,35422247,35422248,35422249,35422250,35422251,35422252,35422253,35422254,35422255,35422256,35422257,35422258,35422259,35422260,35422261,35422262,35422263,35422264,35422265,35422266,35422267,35422268,35422269,35422270,35422271,35422272,35422273,35422274,35422275,35422276,35422277,35422278,35422279,35422280,35422281,35422282,35422283,35422284,35422285,35422286,35422287,35422288,35422289,35422290,35422291,35422292,35422293,35422294,35422295,35422296,35422297,35422298,35422299,35422300,35422301,35422302,35422303,35422304,35422305,35422306,35422307,35422308,35422309,35422310,35422311,35422312,35422313,35422314,35422315,35422316,35422317,35422318,35422319,35422320,35422321,35422322,35422323,35422324,35422325,35422326,35422327,35422328,35422329,35422330,35422331,35422332,35422333,35422334,35422335,35422336,35422337,35422338,35422339,35422340,35422341,35422342,35422343,35422344,35422345,35422346,35422347,35422348,35422349,35422350,35422351,35422352,35422353,35422354,35422355,35422356,35422357,35422358,35422359,35422360,35422361,35422362,35422363,35422364,35422365,35422366,35422367,35422368,35422369,35422370,35422371,35422372,35422373,35422374,35422375,35422376,35422377,35422378,35422379,35422380,35422381,35422382,35422383,35422384,35422385,35422386,35422387,35422388,35422389,35422390,35422391,35422392,35422393,35422394,35422395,35422396,35422397,35422398,35422399,35422400,35422401,35422402,35422403,35422404,35422405,35422406,35422407,35422408,35422409,35422410,35422411,35422412,35422413,35422414,35422415,35422416,35422417,35422418,35422419,35422420,35422421,35422422,35422423,35422424,35422425,35422426,35422427,35422428,35422429,35422430,35422431,35422432,35422433,35422434,35422435,35422436,35422437,35422438,35422439,35422440,35422441,35422442,35422443,35422444,35422445,35422446,35422447,35422448,35422449,35422450,35422451,35422452,35422453,35422454,35422455,35422456,35422457,35422458,35422459,35422460,35422461,35422462,35422463,35422464,35422465,35422466,35422467,35422468,35422469,35422470,35422471,35422472,35422473,35422474,35422475,35422476,35422477,35422478,35422479,35422480,35422481,35422482,35422483,35422484,35422485,35422486,35422487,35422488,35422489,35422490,35422491,35422492,35422493,35422494,35422495,35422496,35422497,35422498,35422499,35422500,35422501,35422502,35422503,35422504,35422505,35422506,35422507,35422508,35422509,35422510,35422511,35422512,35422513,35422514,35422515,35422516,35422517,35422518,35422519,35422520,35422521,35422522,35422523,35422524,35422525,35422526,35422527,35422528,35422529,35422530,35422531,35422532,35422533,35422534,35422535,35422536,35422537,35422538,35422539,35422540,35422541,35422542,35422543,35422544,35422545,35422546,35422547,35422548,35422549,35422550,35422551,35422552,35422553,35422554,35422555,35422556,35422557,35422558,35422559,35422560,35422561,35422562,35422563,35422564,35422565,35422566,35422567,35422568,35422569,35422570,35422571,35422572,35422573,35422574,35422575,35422576,35422577,35422578,35422579,35422580,35422581,35422582,35422583,35422584,35422585,35422586,35422587,35422588,35422589,35422590,35422591,35422592,35422593,35422594,35422595,35422596,35422597,35422598,35422599,35422600,35422601,35422602,35422603,35422604,35422605,35422606,35422607,35422608,35422609,35422610,35422611,35422612,35422613,35422614,35422615,35422616,35422617,35422618,35422619,35422620,35422621,35422622,35422623,35422624,35422625,35422626,35422627,35422628,35422629,35422630,35422631,35422632,35422633,35422634,35422635,35422636,35422637,35422638,35422639,35422640,35422641,35422642,35422643,35422644,35422645,35422646,35422647,35422648,35422649,35422650,35422651,35422652,35422653,35422654,35422655,35422656,35422657,35422658,35422659,35422660,35422661,35422662,35422663,35422664,35422665,35422666,35422667,35422668,35422669,35422670,35422671,35422672,35422673,35422674,35422675,35422676,35422677,35422678,35422679,35422680,35422681,35422682,35422683,35422684,35422685,35422686,35422687,35422688,35422689,35422690,35422691,35422692,35422693,35422694,35422695,35422696,35422697,35422698,35422699,35422700,35422701,35422702,35422703,35422704,35422705,35422706,35422707,35422708,35422709,35422710,35422711,35422712,35422713,35422714,35422715,35422716,35422717,35422718,35422719,35422720,35422721,35422722,35422723,35422724,35422725,35422726,35422727,35422728,35422729,35422730,35422731,35422732,35422733,35422734,35422735,35422736,35422737,35422738,35422739,35422740,35422741,35422742,35422743,35422744,35422745,35422746,35422747,35422748,35422749,35422750,35422751,35422752,35422753,35422754,35422755,35422756,35422757,35422758,35422759,35422760,35422761,35422762,35422763,35422764,35422765,35422766,35422767,35422768,35422769,35422770,35422771,35422772,35422773,35422774,35422775,35422776,35422777,35422778,35422779,35422780,35422781,35422782,35422783,35422784,35422785,35422786,35422787,35422788,35422789,35422790,35422791,35422792,35422793,35422794,35422795,35422796,35422797,35422798,35422799,35422800,35422801,35422802,35422803,35422804,35422805,35422806,35422807,35422808,35422809,35422810,35422811,35422812,35422813,35422814,35422815,35422816,35422817,35422818,35422819,35422820,35422821,35422822,35422823,35422824,35422825,35422826,35422827,35422828,35422829,35422830,35422831,35422832,35422833,35422834,35422835,35422836,35422837,35422838,35422839,35422840,35422841,35422842,35422843,35422844,35422845,35422846,35422847,35422848,35422849,35422850,35422851,35422852,35422853,35422854,35422855,35422856,35422857,35422858,35422859,35422860,35422861,35422862,35422863,35422864,35422865,35422866,35422867,35422868,35422869,35422870,35422871,35422872,35422873,35422874,35422875,35422876,35422877,35422878,35422879,35422880,35422881,35422882,35422883,35422884,35422885,35422886,35422887,35422888,35422889,35422890,35422891,35422892,35422893,35422894,35422895,35422896,35422897,35422898,35422899,35422900,35422901,35422902,35422903,35422904,35422905,35422906,35422907,35422908,35422909,35422910,35422911,35422912,35422913,35422914,35422915,35422916,35422917,35422918,35422919,35422920,35422921,35422922,35422923,35422924,35422925,35422926,35422927,35422928,35422929,35422930,35422931,35422932,35422933,35422934,35422935,35422936,35422937,35422938,35422939,35422940,35422941,35422942,35422943,35422944,35422945,35422946,35422947,35422948,35422949,35422950,35422951,35422952,35422953,35422954,35422955,35422956,35422957,35422958,35422959,35422960,35422961,35422962,35422963,35422964,35422965,35422966,35422967,35422968,35422969,35422970,35422971,35422972,35422973,35422974,35422975,35422976,35422977,35422978,35422979,35422980,35422981,35422982,35422983,35422984,35422985,35422986,35422987,35422988,35422989,35422990,35422991,35422992,35422993,35422994,35422995,35422996,35422997,35422998,35422999,35423000,35423001,35423002,35423003,35423004,35423005,35423006,35423007,35423008,35423009,35423010,35423011,35423012,35423013,35423014,35423015,35423016,35423017,35423018,35423019,35423020,35423021,35423022,35423023,35423024,35423025,35423026,35423027,35423028,35423029,35423030,35423031,35423032,35423033,35423034,35423035,35423036,35423037,35423038,35423039,35423040,35423041,35423042,35423043,35423044,35423045,35423046,35423047,35423048,35423049,35423050,35423051,35423052,35423053,35423054,35423055,35423056,35423057,35423058,35423059,35423060,35423061,35423062,35423063,35423064,35423065,35423066,35423067,35423068,35423069,35423070,35423071,35423072,35423073,35423074,35423075,35423076,35423077,35423078,35423079,35423080,35423081,35423082,35423083,35423084,35423085,35423086,35423087,35423088,35423089,35423090,35423091,35423092,35423093,35423094,35423095,35423096,35423097,35423098,35423099,35423100,35423101,35423102,35423103,35423104,35423105,35423106,35423107,35423108,35423109,35423110,35423111,35423112,35423113,35423114,35423115,35423116,35423117,35423118,35423119,35423120,35423121,35423122,35423123,35423124,35423125,35423126,35423127,35423128,35423129,35423130,35423131,35423132,35423133,35423134,35423135,35423136,35423137,35423138,35423139,35423140,35423141,35423142,35423143,35423144,35423145,35423146,35423147,35423148,35423149,35423150,35423151,35423152,35423153,35423154,35423155,35423156,35423157,35423158,35423159,35423160,35423161,35423162,35423163,35423164,35423165,35423166,35423167,35423168,35423169,35423170,35423171,35423172,35423173,35423174,35423175,35423176,35423177,35423178,35423179,35423180,35423181,35423182,35423183,35423184,35423185,35423186,35423187,35423188,35423189,35423190,35423191,35423192,35423193,35423194,35423195,35423196,35423197,35423198,35423199,35423200,35423201,35423202,35423203,35423204,35423205,35423206,35423207,35423208,35423209,35423210,35423211,35423212,35423213,35423214,35423215,35423216,35423217,35423218,35423219,35423220,35423221,35423222,35423223,35423224,35423225,35423226,35423227,35423228,35423229,35423230,35423231,35423232,35423233,35423234,35423235,35423236,35423237,35423238,35423239,35423240,35423241,35423242,35423243,35423244,35423245,35423246,35423247,35423248,35423249,35423250,35423251,35423252,35423253,35423254,35423255,35423256,35423257,35423258,35423259,35423260,35423261,35423262,35423263,35423264,35423265,35423266,35423267,35423268,35423269,35423270,35423271,35423272,35423273,35423274,35423275,35423276,35423277,35423278,35423279,35423280,35423281,35423282,35423283,35423284,35423285,35423286,35423287,35423288,35423289,35423290,35423291,35423292,35423293,35423294,35423295,35423296,35423297,35423298,35423299,35423300,35423301,35423302,35423303,35423304,35423305,35423306,35423307,35423308,35423309,35423310,35423311,35423312,35423313,35423314,35423315,35423316,35423317,35423318,35423319,35423320,35423321,35423322,35423323,35423324,35423325,35423326,35423327,35423328,35423329,35423330,35423331,35423332,35423333,35423334,35423335,35423336,35423337,35423338,35423339,35423340,35423341,35423342,35423343,35423344,35423345,35423346,35423347,35423348,35423349,35423350,35423351,35423352,35423353,35423354,35423355,35423356,35423357,35423358,35423359,35423360,35423361,35423362,35423363,35423364,35423365,35423366,35423367,35423368,35423369,35423370,35423371,35423372,35423373,35423374,35423375,35423376,35423377,35423378,35423379,35423380,35423381,35423382,35423383,35423384,35423385,35423386,35423387,35423388,35423389,35423390,35423391,35423392,35423393,35423394,35423395,35423396,35423397,35423398,35423399,35423400,35423401,35423402,35423403,35423404,35423405,35423406,35423407,35423408,35423409,35423410,35423411,35423412,35423413,35423414,35423415,35423416,35423417,35423418,35423419,35423420,35423421,35423422,35423423,35423424,35423425,35423426,35423427,35423428,35423429,35423430,35423431,35423432,35423433,35423434,35423435,35423436,35423437,35423438,35423439,35423440,35423441,35423442,35423443,35423444,35423445,35423446,35423447,35423448,35423449,35423450,35423451,35423452,35423453,35423454,35423455,35423456,35423457,35423458,35423459,35423460,35423461,35423462,35423463,35423464,35423465,35423466,35423467,35423468,35423469,35423470,35423471,35423472,35423473,35423474,35423475,35423476,35423477,35423478,35423479,35423480,35423481,35423482,35423483,35423484,35423485,35423486,35423487,35423488,35423489,35423490,35423491,35423492,35423493,35423494,35423495,35423496,35423497,35423498,35423499,35423500,35423501,35423502,35423503,35423504,35423505,35423506,35423507,35423508,35423509,35423510,35423511,35423512,35423513,35423514,35423515,35423516,35423517,35423518,35423519,35423520,35423521,35423522,35423523,35423524,35423525,35423526,35423527,35423528,35423529,35423530,35423531,35423532,35423533,35423534,35423535,35423536,35423537,35423538,35423539,35423540,35423541,35423542,35423543,35423544,35423545,35423546,35423547,35423548,35423549,35423550,35423551,35423552,35423553,35423554,35423555,35423556,35423557,35423558,35423559,35423560,35423561,35423562,35423563,35423564,35423565,35423566,35423567,35423568,35423569,35423570,35423571,35423572,35423573,35423574,35423575,35423576,35423577,35423578,35423579,35423580,35423581,35423582,35423583,35423584,35423585,35423586,35423587,35423588,35423589,35423590,35423591,35423592,35423593,35423594,35423595,35423596,35423597,35423598,35423599,35423600,35423601,35423602,35423603,35423604,35423605,35423606,35423607,35423608,35423609,35423610,35423611,35423612,35423613,35423614,35423615,35423616,35423617,35423618,35423619,35423620,35423621,35423622,35423623,35423624,35423625,35423626,35423627,35423628,35423629,35423630,35423631,35423632,35423633,35423634,35423635,35423636,35423637,35423638,35423639,35423640,35423641,35423642,35423643,35423644,35423645,35423646,35423647,35423648,35423649,35423650,35423651,35423652,35423653,35423654,35423655,35423656,35423657,35423658,35423659,35423660,35423661,35423662,35423663,35423664,35423665,35423666,35423667,35423668,35423669,35423670,35423671,35423672,35423673,35423674,35423675,35423676,35423677,35423678,35423679,35423680,35423681,35423682,35423683,35423684,35423685,35423686,35423687,35423688,35423689,35423690,35423691,35423692,35423693,35423694,35423695,35423696,35423697,35423698,35423699,35423700,35423701,35423702,35423703,35423704,35423705,35423706,35423707,35423708,35423709,35423710,35423711,35423712,35423713,35423714,35423715,35423716,35423717,35423718,35423719,35423720,35423721,35423722,35423723,35423724,35423725,35423726,35423727,35423728,35423729,35423730,35423731,35423732,35423733,35423734,35423735,35423736,35423737,35423738,35423739,35423740,35423741,35423742,35423743,35423744,35423745,35423746,35423747,35423748,35423749,35423750,35423751,35423752,35423753,35423754,35423755,35423756,35423757,35423758,35423759,35423760,35423761,35423762,35423763,35423764,35423765,35423766,35423767,35423768,35423769,35423770,35423771,35423772,35423773,35423774,35423775,35423776,35423777,35423778,35423779,35423780,35423781,35423782,35423783,35423784,35423785,35423786,35423787,35423788,35423789,35423790,35423791,35423792,35423793,35423794,35423795,35423796,35423797,35423798,35423799,35423800,35423801,35423802,35423803,35423804,35423805,35423806,35423807,35423808,35423809,35423810,35423811,35423812,35423813,35423814,35423815,35423816,35423817,35423818,35423819,35423820,35423821,35423822,35423823,35423824,35423825,35423826,35423827,35423828,35423829,35423830,35423831,35423832,35423833,35423834,35423835,35423836,35423837,35423838,35423839,35423840,35423841,35423842,35423843,35423844,35423845,35423846,35423847,35423848,35423849,35423850,35423851,35423852,35423853,35423854,35423855,35423856,35423857,35423858,35423859,35423860,35423861,35423862,35423863,35423864,35423865,35423866,35423867,35423868,35423869,35423870,35423871,35423872,35423873,35423874,35423875,35423876,35423877,35423878,35423879,35423880,35423881,35423882,35423883,35423884,35423885,35423886,35423887,35423888,35423889,35423890,35423891,35423892,35423893,35423894,35423895,35423896,35423897,35423898,35423899,35423900,35423901,35423902,35423903,35423904,35423905,35423906,35423907,35423908,35423909,35423910,35423911,35423912,35423913,35423914,35423915,35423916,35423917,35423918,35423919,35423920,35423921,35423922,35423923,35423924,35423925,35423926,35423927,35423928,35423929,35423930,35423931,35423932,35423933,35423934,35423935,35423936,35423937,35423938,35423939,35423940,35423941,35423942,35423943,35423944,35423945,35423946,35423947,35423948,35423949,35423950,35423951,35423952,35423953,35423954,35423955,35423956,35423957,35423958,35423959,35423960,35423961,35423962,35423963,35423964,35423965,35423966,35423967,35423968,35423969,35423970,35423971,35423972,35423973,35423974,35423975,35423976,35423977,35423978,35423979,35423980,35423981,35423982,35423983,35423984,35423985,35423986,35423987,35423988,35423989,35423990,35423991,35423992,35423993,35423994,35423995,35423996,35423997,35423998,35423999,35424000,35424001,35424002,35424003,35424004,35424005,35424006,35424007,35424008,35424009,35424010,35424011,35424012,35424013,35424014,35424015,35424016,35424017,35424018,35424019,35424020,35424021,35424022,35424023,35424024,35424025,35424026,35424027,35424028,35424029,35424030,35424031,35424032,35424033,35424034,35424035,35424036,35424037,35424038,35424039,35424040,35424041,35424042,35424043,35424044,35424045,35424046,35424047,35424048,35424049,35424050,35424051,35424052,35424053,35424054,35424055,35424056,35424057,35424058,35424059,35424060,35424061,35424062,35424063,35424064,35424065,35424066,35424067,35424068,35424069,35424070,35424071,35424072,35424073,35424074,35424075,35424076,35424077,35424078,35424079,35424080,35424081,35424082,35424083,35424084,35424085,35424086,35424087,35424088,35424089,35424090,35424091,35424092,35424093,35424094,35424095,35424096,35424097,35424098,35424099,35424100,35424101,35424102,35424103,35424104,35424105,35424106,35424107,35424108,35424109,35424110,35424111,35424112,35424113,35424114,35424115,35424116,35424117,35424118,35424119,35424120,35424121,35424122,35424123,35424124,35424125,35424126,35424127,35424128,35424129,35424130,35424131,35424132,35424133,35424134,35424135,35424136,35424137,35424138,35424139,35424140,35424141,35424142,35424143,35424144,35424145,35424146,35424147,35424148,35424149,35424150,35424151,35424152,35424153,35424154,35424155,35424156,35424157,35424158,35424159,35424160,35424161,35424162,35424163,35424164,35424165,35424166,35424167,35424168,35424169,35424170,35424171,35424172,35424173,35424174,35424175,35424176,35424177,35424178,35424179,35424180,35424181,35424182,35424183,35424184,35424185,35424186,35424187,35424188,35424189,35424190,35424191,35424192,35424193,35424194,35424195,35424196,35424197,35424198,35424199,35424200,35424201,35424202,35424203,35424204,35424205,35424206,35424207,35424208,35424209,35424210,35424211,35424212,35424213,35424214,35424215,35424216,35424217,35424218,35424219,35424220,35424221,35424222,35424223,35424224,35424225,35424226,35424227,35424228,35424229,35424230,35424231,35424232,35424233,35424234,35424235,35424236,35424237,35424238,35424239,35424240,35424241,35424242,35424243,35424244,35424245,35424246,35424247,35424248,35424249,35424250,35424251,35424252,35424253,35424254,35424255,35424256,35424257,35424258,35424259,35424260,35424261,35424262,35424263,35424264,35424265,35424266,35424267,35424268,35424269,35424270,35424271,35424272,35424273,35424274,35424275,35424276,35424277,35424278,35424279,35424280,35424281,35424282,35424283,35424284,35424285,35424286,35424287,35424288,35424289,35424290,35424291,35424292,35424293,35424294,35424295,35424296,35424297,35424298,35424299,35424300,35424301,35424302,35424303,35424304,35424305,35424306,35424307,35424308,35424309,35424310,35424311,35424312,35424313,35424314,35424315,35424316,35424317,35424318,35424319,35424320,35424321,35424322,35424323,35424324,35424325,35424326,35424327,35424328,35424329,35424330,35424331,35424332,35424333,35424334,35424335,35424336,35424337,35424338,35424339,35424340,35424341,35424342,35424343,35424344,35424345,35424346,35424347,35424348,35424349,35424350,35424351,35424352,35424353,35424354,35424355,35424356,35424357,35424358,35424359,35424360,35424361,35424362,35424363,35424364,35424365,35424366,35424367,35424368,35424369,35424370,35424371,35424372,35424373,35424374,35424375,35424376,35424377,35424378,35424379,35424380,35424381,35424382,35424383,35424384,35424385,35424386,35424387,35424388,35424389,35424390,35424391,35424392,35424393,35424394,35424395,35424396,35424397,35424398,35424399,35424400,35424401,35424402,35424403,35424404,35424405,35424406,35424407,35424408,35424409,35424410,35424411,35424412,35424413,35424414,35424415,35424416,35424417,35424418,35424419,35424420,35424421,35424422,35424423,35424424,35424425,35424426,35424427,35424428,35424429,35424430,35424431,35424432,35424433,35424434,35424435,35424436,35424437,35424438,35424439,35424440,35424441,35424442,35424443,35424444,35424445,35424446,35424447,35424448,35424449,35424450,35424451,35424452,35424453,35424454,35424455,35424456,35424457,35424458,35424459,35424460,35424461,35424462,35424463,35424464,35424465,35424466,35424467,35424468,35424469,35424470,35424471,35424472,35424473,35424474,35424475,35424476,35424477,35424478,35424479,35424480,35424481,35424482,35424483,35424484,35424485,35424486,35424487,35424488,35424489,35424490,35424491,35424492,35424493,35424494,35424495,35424496,35424497,35424498,35424499,35424500,35424501,35424502,35424503,35424504,35424505,35424506,35424507,35424508,35424509,35424510,35424511,35424512,35424513,35424514,35424515,35424516,35424517,35424518,35424519,35424520,35424521,35424522,35424523,35424524,35424525,35424526,35424527,35424528,35424529,35424530,35424531,35424532,35424533,35424534,35424535,35424536,35424537,35424538,35424539,35424540,35424541,35424542,35424543,35424544,35424545,35424546,35424547,35424548,35424549,35424550,35424551,35424552,35424553,35424554,35424555,35424556,35424557,35424558,35424559,35424560,35424561,35424562,35424563,35424564,35424565,35424566,35424567,35424568,35424569,35424570,35424571,35424572,35424573,35424574,35424575,35424576,35424577,35424578,35424579,35424580,35424581,35424582,35424583,35424584,35424585,35424586,35424587,35424588,35424589,35424590,35424591,35424592,35424593,35424594,35424595,35424596,35424597,35424598,35424599,35424600,35424601,35424602,35424603,35424604,35424605,35424606,35424607,35424608,35424609,35424610,35424611,35424612,35424613,35424614,35424615,35424616,35424617,35424618,35424619,35424620,35424621,35424622,35424623,35424624,35424625,35424626,35424627,35424628,35424629,35424630,35424631,35424632,35424633,35424634,35424635,35424636,35424637,35424638,35424639,35424640,35424641,35424642,35424643,35424644,35424645,35424646,35424647,35424648,35424649,35424650,35424651,35424652,35424653,35424654,35424655,35424656,35424657,35424658,35424659,35424660,35424661,35424662,35424663,35424664,35424665,35424666,35424667,35424668,35424669,35424670,35424671,35424672,35424673,35424674,35424675,35424676,35424677,35424678,35424679,35424680,35424681,35424682,35424683,35424684,35424685,35424686,35424687,35424688,35424689,35424690,35424691,35424692,35424693,35424694,35424695,35424696,35424697,35424698,35424699,35424700,35424701,35424702,35424703,35424704,35424705,35424706,35424707,35424708,35424709,35424710,35424711,35424712,35424713,35424714,35424715,35424716,35424717,35424718,35424719,35424720,35424721,35424722,35424723,35424724,35424725,35424726,35424727,35424728,35424729,35424730,35424731,35424732,35424733,35424734,35424735,35424736,35424737,35424738,35424739,35424740,35424741,35424742,35424743,35424744,35424745,35424746,35424747,35424748,35424749,35424750,35424751,35424752,35424753,35424754,35424755,35424756,35424757,35424758,35424759,35424760,35424761,35424762,35424763,35424764,35424765,35424766,35424767,35424768,35424769,35424770,35424771,35424772,35424773,35424774,35424775,35424776,35424777,35424778,35424779,35424780,35424781,35424782,35424783,35424784,35424785,35424786,35424787,35424788,35424789,35424790,35424791,35424792,35424793,35424794,35424795,35424796,35424797,35424798,35424799,35424800,35424801,35424802,35424803,35424804,35424805,35424806,35424807,35424808,35424809,35424810,35424811,35424812,35424813,35424814,35424815,35424816,35424817,35424818,35424819,35424820,35424821,35424822,35424823,35424824,35424825,35424826,35424827,35424828,35424829,35424830,35424831,35424832,35424833,35424834,35424835,35424836,35424837,35424838,35424839,35424840,35424841,35424842,35424843,35424844,35424845,35424846,35424847,35424848,35424849,35424850,35424851,35424852,35424853,35424854,35424855,35424856,35424857,35424858,35424859,35424860,35424861,35424862,35424863,35424864,35424865,35424866,35424867,35424868,35424869,35424870,35424871,35424872,35424873,35424874,35424875,35424876,35424877,35424878,35424879,35424880,35424881,35424882,35424883,35424884,35424885,35424886,35424887,35424888,35424889,35424890,35424891,35424892,35424893,35424894,35424895,35424896,35424897,35424898,35424899,35424900,35424901,35424902,35424903,35424904,35424905,35424906,35424907,35424908,35424909,35424910,35424911,35424912,35424913,35424914,35424915,35424916,35424917,35424918,35424919,35424920,35424921,35424922,35424923,35424924,35424925,35424926,35424927,35424928,35424929,35424930,35424931,35424932,35424933,35424934,35424935,35424936,35424937,35424938,35424939,35424940,35424941,35424942,35424943,35424944,35424945,35424946,35424947,35424948,35424949,35424950,35424951,35424952,35424953,35424954,35424955,35424956,35424957,35424958,35424959,35424960,35424961,35424962,35424963,35424964,35424965,35424966,35424967,35424968,35424969,35424970,35424971,35424972,35424973,35424974,35424975,35424976,35424977,35424978,35424979,35424980,35424981,35424982,35424983,35424984,35424985,35424986,35424987,35424988,35424989,35424990,35424991,35424992,35424993,35424994,35424995,35424996,35424997,35424998,35424999,35425000,35425001,35425002,35425003,35425004,35425005,35425006,35425007,35425008,35425009,35425010,35425011,35425012,35425013,35425014,35425015,35425016,35425017,35425018,35425019,35425020,35425021,35425022,35425023,35425024,35425025,35425026,35425027,35425028,35425029,35425030,35425031,35425032,35425033,35425034,35425035,35425036,35425037,35425038,35425039,35425040,35425041,35425042,35425043,35425044,35425045,35425046,35425047,35425048,35425049,35425050,35425051,35425052,35425053,35425054,35425055,35425056,35425057,35425058,35425059,35425060,35425061,35425062,35425063,35425064,35425065,35425066,35425067,35425068,35425069,35425070,35425071,35425072,35425073,35425074,35425075,35425076,35425077,35425078,35425079,35425080,35425081,35425082,35425083,35425084,35425085,35425086,35425087,35425088,35425089,35425090,35425091,35425092,35425093,35425094,35425095,35425096,35425097,35425098,35425099,35425100,35425101,35425102,35425103,35425104,35425105,35425106,35425107,35425108,35425109,35425110,35425111,35425112,35425113,35425114,35425115,35425116,35425117,35425118,35425119,35425120,35425121,35425122,35425123,35425124,35425125,35425126,35425127,35425128,35425129,35425130,35425131,35425132,35425133,35425134,35425135,35425136,35425137,35425138,35425139,35425140,35425141,35425142,35425143,35425144,35425145,35425146,35425147,35425148,35425149,35425150,35425151,35425152,35425153,35425154,35425155,35425156,35425157,35425158,35425159,35425160,35425161,35425162,35425163,35425164,35425165,35425166,35425167,35425168,35425169,35425170,35425171,35425172,35425173,35425174,35425175,35425176,35425177,35425178,35425179,35425180,35425181,35425182,35425183,35425184,35425185,35425186,35425187,35425188,35425189,35425190,35425191,35425192,35425193,35425194,35425195,35425196,35425197,35425198,35425199,35425200,35425201,35425202,35425203,35425204,35425205,35425206,35425207,35425208,35425209,35425210,35425211,35425212,35425213,35425214,35425215,35425216,35425217,35425218,35425219,35425220,35425221,35425222,35425223,35425224,35425225,35425226,35425227,35425228,35425229,35425230,35425231,35425232,35425233,35425234,35425235,35425236,35425237,35425238,35425239,35425240,35425241,35425242,35425243,35425244,35425245,35425246,35425247,35425248,35425249,35425250,35425251,35425252,35425253,35425254,35425255,35425256,35425257,35425258,35425259,35425260,35425261,35425262,35425263,35425264,35425265,35425266,35425267,35425268,35425269,35425270,35425271,35425272,35425273,35425274,35425275,35425276,35425277,35425278,35425279,35425280,35425281,35425282,35425283,35425284,35425285,35425286,35425287,35425288,35425289,35425290,35425291,35425292,35425293,35425294,35425295,35425296,35425297,35425298,35425299,35425300,35425301,35425302,35425303,35425304,35425305,35425306,35425307,35425308,35425309,35425310,35425311,35425312,35425313,35425314,35425315,35425316,35425317,35425318,35425319,35425320,35425321,35425322,35425323,35425324,35425325,35425326,35425327,35425328,35425329,35425330,35425331,35425332,35425333,35425334,35425335,35425336,35425337,35425338,35425339,35425340,35425341,35425342,35425343,35425344,35425345,35425346,35425347,35425348,35425349,35425350,35425351,35425352,35425353,35425354,35425355,35425356,35425357,35425358,35425359,35425360,35425361,35425362,35425363,35425364,35425365,35425366,35425367,35425368,35425369,35425370,35425371,35425372,35425373,35425374,35425375,35425376,35425377,35425378,35425379,35425380,35425381,35425382,35425383,35425384,35425385,35425386,35425387,35425388,35425389,35425390,35425391,35425392,35425393,35425394,35425395,35425396,35425397,35425398,35425399,35425400,35425401,35425402,35425403,35425404,35425405,35425406,35425407,35425408,35425409,35425410,35425411,35425412,35425413,35425414,35425415,35425416,35425417,35425418,35425419,35425420,35425421,35425422,35425423,35425424,35425425,35425426,35425427,35425428,35425429,35425430,35425431,35425432,35425433,35425434,35425435,35425436,35425437,35425438,35425439,35425440,35425441,35425442,35425443,35425444,35425445,35425446,35425447,35425448,35425449,35425450,35425451,35425452,35425453,35425454,35425455,35425456,35425457,35425458,35425459,35425460,35425461,35425462,35425463,35425464,35425465,35425466,35425467,35425468,35425469,35425470,35425471,35425472,35425473,35425474,35425475,35425476,35425477,35425478,35425479,35425480,35425481,35425482,35425483,35425484,35425485,35425486,35425487,35425488,35425489,35425490,35425491,35425492,35425493,35425494,35425495,35425496,35425497,35425498,35425499,35425500,35425501,35425502,35425503,35425504,35425505,35425506,35425507,35425508,35425509,35425510,35425511,35425512,35425513,35425514,35425515,35425516,35425517,35425518,35425519,35425520,35425521,35425522,35425523,35425524,35425525,35425526,35425527,35425528,35425529,35425530,35425531,35425532,35425533,35425534,35425535,35425536,35425537,35425538,35425539,35425540,35425541,35425542,35425543,35425544,35425545,35425546,35425547,35425548,35425549,35425550,35425551,35425552,35425553,35425554,35425555,35425556,35425557,35425558,35425559,35425560,35425561,35425562,35425563,35425564,35425565,35425566,35425567,35425568,35425569,35425570,35425571,35425572,35425573,35425574,35425575,35425576,35425577,35425578,35425579,35425580,35425581,35425582,35425583,35425584,35425585,35425586,35425587,35425588,35425589,35425590,35425591,35425592,35425593,35425594,35425595,35425596,35425597,35425598,35425599,35425600,35425601,35425602,35425603,35425604,35425605,35425606,35425607,35425608,35425609,35425610,35425611,35425612,35425613,35425614,35425615,35425616,35425617,35425618,35425619,35425620,35425621,35425622,35425623,35425624,35425625,35425626,35425627,35425628,35425629,35425630,35425631,35425632,35425633,35425634,35425635,35425636,35425637,35425638,35425639,35425640,35425641,35425642,35425643,35425644,35425645,35425646,35425647,35425648,35425649,35425650,35425651,35425652,35425653,35425654,35425655,35425656,35425657,35425658,35425659,35425660,35425661,35425662,35425663,35425664,35425665,35425666,35425667,35425668,35425669,35425670,35425671,35425672,35425673,35425674,35425675,35425676,35425677,35425678,35425679,35425680,35425681,35425682,35425683,35425684,35425685,35425686,35425687,35425688,35425689,35425690,35425691,35425692,35425693,35425694,35425695,35425696,35425697,35425698,35425699,35425700,35425701,35425702,35425703,35425704,35425705,35425706,35425707,35425708,35425709,35425710,35425711,35425712,35425713,35425714,35425715,35425716,35425717,35425718,35425719,35425720,35425721,35425722,35425723,35425724,35425725,35425726,35425727,35425728,35425729,35425730,35425731,35425732,35425733,35425734,35425735,35425736,35425737,35425738,35425739,35425740,35425741,35425742,35425743,35425744,35425745,35425746,35425747,35425748,35425749,35425750,35425751,35425752,35425753,35425754,35425755,35425756,35425757,35425758,35425759,35425760,35425761,35425762,35425763,35425764,35425765,35425766,35425767,35425768,35425769,35425770,35425771,35425772,35425773,35425774,35425775,35425776,35425777,35425778,35425779,35425780,35425781,35425782,35425783,35425784,35425785,35425786,35425787,35425788,35425789,35425790,35425791,35425792,35425793,35425794,35425795,35425796,35425797,35425798,35425799,35425800,35425801,35425802,35425803,35425804,35425805,35425806,35425807,35425808,35425809,35425810,35425811,35425812,35425813,35425814,35425815,35425816,35425817,35425818,35425819,35425820,35425821,35425822,35425823,35425824,35425825,35425826,35425827,35425828,35425829,35425830,35425831,35425832,35425833,35425834,35425835,35425836,35425837,35425838,35425839,35425840,35425841,35425842,35425843,35425844,35425845,35425846,35425847,35425848,35425849,35425850,35425851,35425852,35425853,35425854,35425855,35425856,35425857,35425858,35425859,35425860,35425861,35425862,35425863,35425864,35425865,35425866,35425867,35425868,35425869,35425870,35425871,35425872,35425873,35425874,35425875,35425876,35425877,35425878,35425879,35425880,35425881,35425882,35425883,35425884,35425885,35425886,35425887,35425888,35425889,35425890,35425891,35425892,35425893,35425894,35425895,35425896,35425897,35425898,35425899,35425900,35425901,35425902,35425903,35425904,35425905,35425906,35425907,35425908,35425909,35425910,35425911,35425912,35425913,35425914,35425915,35425916,35425917,35425918,35425919,35425920,35425921,35425922,35425923,35425924,35425925,35425926,35425927,35425928,35425929,35425930,35425931,35425932,35425933,35425934,35425935,35425936,35425937,35425938,35425939,35425940,35425941,35425942,35425943,35425944,35425945,35425946,35425947,35425948,35425949,35425950,35425951,35425952,35425953,35425954,35425955,35425956,35425957,35425958,35425959,35425960,35425961,35425962,35425963,35425964,35425965,35425966,35425967,35425968,35425969,35425970,35425971,35425972,35425973,35425974,35425975,35425976,35425977,35425978,35425979,35425980,35425981,35425982,35425983,35425984,35425985,35425986,35425987,35425988,35425989,35425990,35425991,35425992,35425993,35425994,35425995,35425996,35425997,35425998,35425999,35426000,35426001,35426002,35426003,35426004,35426005,35426006,35426007,35426008,35426009,35426010,35426011,35426012,35426013,35426014,35426015,35426016,35426017,35426018,35426019,35426020,35426021,35426022,35426023,35426024,35426025,35426026,35426027,35426028,35426029,35426030,35426031,35426032,35426033,35426034,35426035,35426036,35426037,35426038,35426039,35426040,35426041,35426042,35426043,35426044,35426045,35426046,35426047,35426048,35426049,35426050,35426051,35426052,35426053,35426054,35426055,35426056,35426057,35426058,35426059,35426060,35426061,35426062,35426063,35426064,35426065,35426066,35426067,35426068,35426069,35426070,35426071,35426072,35426073,35426074,35426075,35426076,35426077,35426078,35426079,35426080,35426081,35426082,35426083,35426084,35426085,35426086,35426087,35426088,35426089,35426090,35426091,35426092,35426093,35426094,35426095,35426096,35426097,35426098,35426099,35426100,35426101,35426102,35426103,35426104,35426105,35426106,35426107,35426108,35426109,35426110,35426111,35426112,35426113,35426114,35426115,35426116,35426117,35426118,35426119,35426120,35426121,35426122,35426123,35426124,35426125,35426126,35426127,35426128,35426129,35426130,35426131,35426132,35426133,35426134,35426135,35426136,35426137,35426138,35426139,35426140,35426141,35426142,35426143,35426144,35426145,35426146,35426147,35426148,35426149,35426150,35426151,35426152,35426153,35426154,35426155,35426156,35426157,35426158,35426159,35426160,35426161,35426162,35426163,35426164,35426165,35426166,35426167,35426168,35426169,35426170,35426171,35426172,35426173,35426174,35426175,35426176,35426177,35426178,35426179,35426180,35426181,35426182,35426183,35426184,35426185,35426186,35426187,35426188,35426189,35426190,35426191,35426192,35426193,35426194,35426195,35426196,35426197,35426198,35426199,35426200,35426201,35426202,35426203,35426204,35426205,35426206,35426207,35426208,35426209,35426210,35426211,35426212,35426213,35426214,35426215,35426216,35426217,35426218,35426219,35426220,35426221,35426222,35426223,35426224,35426225,35426226,35426227,35426228,35426229,35426230,35426231,35426232,35426233,35426234,35426235,35426236,35426237,35426238,35426239,35426240,35426241,35426242,35426243,35426244,35426245,35426246,35426247,35426248,35426249,35426250,35426251,35426252,35426253,35426254,35426255,35426256,35426257,35426258,35426259,35426260,35426261,35426262,35426263,35426264,35426265,35426266,35426267,35426268,35426269,35426270,35426271,35426272,35426273,35426274,35426275,35426276,35426277,35426278,35426279,35426280,35426281,35426282,35426283,35426284,35426285,35426286,35426287,35426288,35426289,35426290,35426291,35426292,35426293,35426294,35426295,35426296,35426297,35426298,35426299,35426300,35426301,35426302,35426303,35426304,35426305,35426306,35426307,35426308,35426309,35426310,35426311,35426312,35426313,35426314,35426315,35426316,35426317,35426318,35426319,35426320,35426321,35426322,35426323,35426324,35426325,35426326,35426327,35426328,35426329,35426330,35426331,35426332,35426333,35426334,35426335,35426336,35426337,35426338,35426339,35426340,35426341,35426342,35426343,35426344,35426345,35426346,35426347,35426348,35426349,35426350,35426351,35426352,35426353,35426354,35426355,35426356,35426357,35426358,35426359,35426360,35426361,35426362,35426363,35426364,35426365,35426366,35426367,35426368,35426369,35426370,35426371,35426372,35426373,35426374,35426375,35426376,35426377,35426378,35426379,35426380,35426381,35426382,35426383,35426384,35426385,35426386,35426387,35426388,35426389,35426390,35426391,35426392,35426393,35426394,35426395,35426396,35426397,35426398,35426399,35426400,35426401,35426402,35426403,35426404,35426405,35426406,35426407,35426408,35426409,35426410,35426411,35426412,35426413,35426414,35426415,35426416,35426417,35426418,35426419,35426420,35426421,35426422,35426423,35426424,35426425,35426426,35426427,35426428,35426429,35426430,35426431,35426432,35426433,35426434,35426435,35426436,35426437,35426438,35426439,35426440,35426441,35426442,35426443,35426444,35426445,35426446,35426447,35426448,35426449,35426450,35426451,35426452,35426453,35426454,35426455,35426456,35426457,35426458,35426459,35426460,35426461,35426462,35426463,35426464,35426465,35426466,35426467,35426468,35426469,35426470,35426471,35426472,35426473,35426474,35426475,35426476,35426477,35426478,35426479,35426480,35426481,35426482,35426483,35426484,35426485,35426486,35426487,35426488,35426489,35426490,35426491,35426492,35426493,35426494,35426495,35426496,35426497,35426498,35426499,35426500,35426501,35426502,35426503,35426504,35426505,35426506,35426507,35426508,35426509,35426510,35426511,35426512,35426513,35426514,35426515,35426516,35426517,35426518,35426519,35426520,35426521,35426522,35426523,35426524,35426525,35426526,35426527,35426528,35426529,35426530,35426531,35426532,35426533,35426534,35426535,35426536,35426537,35426538,35426539,35426540,35426541,35426542,35426543,35426544,35426545,35426546,35426547,35426548,35426549,35426550,35426551,35426552,35426553,35426554,35426555,35426556,35426557,35426558,35426559,35426560,35426561,35426562,35426563,35426564,35426565,35426566,35426567,35426568,35426569,35426570,35426571,35426572,35426573,35426574,35426575,35426576,35426577,35426578,35426579,35426580,35426581,35426582,35426583,35426584,35426585,35426586,35426587,35426588,35426589,35426590,35426591,35426592,35426593,35426594,35426595,35426596,35426597,35426598,35426599,35426600,35426601,35426602,35426603,35426604,35426605,35426606,35426607,35426608,35426609,35426610,35426611,35426612,35426613,35426614,35426615,35426616,35426617,35426618,35426619,35426620,35426621,35426622,35426623,35426624,35426625,35426626,35426627,35426628,35426629,35426630,35426631,35426632,35426633,35426634,35426635,35426636,35426637,35426638,35426639,35426640,35426641,35426642,35426643,35426644,35426645,35426646,35426647,35426648,35426649,35426650,35426651,35426652,35426653,35426654,35426655,35426656,35426657,35426658,35426659,35426660,35426661,35426662,35426663,35426664,35426665,35426666,35426667,35426668,35426669,35426670,35426671,35426672,35426673,35426674,35426675,35426676,35426677,35426678,35426679,35426680,35426681,35426682,35426683,35426684,35426685,35426686,35426687,35426688,35426689,35426690,35426691,35426692,35426693,35426694,35426695,35426696,35426697,35426698,35426699,35426700,35426701,35426702,35426703,35426704,35426705,35426706,35426707,35426708,35426709,35426710,35426711,35426712,35426713,35426714,35426715,35426716,35426717,35426718,35426719,35426720,35426721,35426722,35426723,35426724,35426725,35426726,35426727,35426728,35426729,35426730,35426731,35426732,35426733,35426734,35426735,35426736,35426737,35426738,35426739,35426740,35426741,35426742,35426743,35426744,35426745,35426746,35426747,35426748,35426749,35426750,35426751,35426752,35426753,35426754,35426755,35426756,35426757,35426758,35426759,35426760,35426761,35426762,35426763,35426764,35426765,35426766,35426767,35426768,35426769,35426770,35426771,35426772,35426773,35426774,35426775,35426776,35426777,35426778,35426779,35426780,35426781,35426782,35426783,35426784,35426785,35426786,35426787,35426788,35426789,35426790,35426791,35426792,35426793,35426794,35426795,35426796,35426797,35426798,35426799,35426800,35426801,35426802,35426803,35426804,35426805,35426806,35426807,35426808,35426809,35426810,35426811,35426812,35426813,35426814,35426815,35426816,35426817,35426818,35426819,35426820,35426821,35426822,35426823,35426824,35426825,35426826,35426827,35426828,35426829,35426830,35426831,35426832,35426833,35426834,35426835,35426836,35426837,35426838,35426839,35426840,35426841,35426842,35426843,35426844,35426845,35426846,35426847,35426848,35426849,35426850,35426851,35426852,35426853,35426854,35426855,35426856,35426857,35426858,35426859,35426860,35426861,35426862,35426863,35426864,35426865,35426866,35426867,35426868,35426869,35426870,35426871,35426872,35426873,35426874,35426875,35426876,35426877,35426878,35426879,35426880,35426881,35426882,35426883,35426884,35426885,35426886,35426887,35426888,35426889,35426890,35426891,35426892,35426893,35426894,35426895,35426896,35426897,35426898,35426899,35426900,35426901,35426902,35426903,35426904,35426905,35426906,35426907,35426908,35426909,35426910,35426911,35426912,35426913,35426914,35426915,35426916,35426917,35426918,35426919,35426920,35426921,35426922,35426923,35426924,35426925,35426926,35426927,35426928,35426929,35426930,35426931,35426932,35426933,35426934,35426935,35426936,35426937,35426938,35426939,35426940,35426941,35426942,35426943,35426944,35426945,35426946,35426947,35426948,35426949,35426950,35426951,35426952,35426953,35426954,35426955,35426956,35426957,35426958,35426959,35426960,35426961,35426962,35426963,35426964,35426965,35426966,35426967,35426968,35426969,35426970,35426971,35426972,35426973,35426974,35426975,35426976,35426977,35426978,35426979,35426980,35426981,35426982,35426983,35426984,35426985,35426986,35426987,35426988,35426989,35426990,35426991,35426992,35426993,35426994,35426995,35426996,35426997,35426998,35426999,35427000,35427001,35427002,35427003,35427004,35427005,35427006,35427007,35427008,35427009,35427010,35427011,35427012,35427013,35427014,35427015,35427016,35427017,35427018,35427019,35427020,35427021,35427022,35427023,35427024,35427025,35427026,35427027,35427028,35427029,35427030,35427031,35427032,35427033,35427034,35427035,35427036,35427037,35427038,35427039,35427040,35427041,35427042,35427043,35427044,35427045,35427046,35427047,35427048,35427049,35427050,35427051,35427052,35427053,35427054,35427055,35427056,35427057,35427058,35427059,35427060,35427061,35427062,35427063,35427064,35427065,35427066,35427067,35427068,35427069,35427070,35427071,35427072,35427073,35427074,35427075,35427076,35427077,35427078,35427079,35427080,35427081,35427082,35427083,35427084,35427085,35427086,35427087,35427088,35427089,35427090,35427091,35427092,35427093,35427094,35427095,35427096,35427097,35427098,35427099,35427100,35427101,35427102,35427103,35427104,35427105,35427106,35427107,35427108,35427109,35427110,35427111,35427112,35427113,35427114,35427115,35427116,35427117,35427118,35427119,35427120,35427121,35427122,35427123,35427124,35427125,35427126,35427127,35427128,35427129,35427130,35427131,35427132,35427133,35427134,35427135,35427136,35427137,35427138,35427139,35427140,35427141,35427142,35427143,35427144,35427145,35427146,35427147,35427148,35427149,35427150,35427151,35427152,35427153,35427154,35427155,35427156,35427157,35427158,35427159,35427160,35427161,35427162,35427163,35427164,35427165,35427166,35427167,35427168,35427169,35427170,35427171,35427172,35427173,35427174,35427175,35427176,35427177,35427178,35427179,35427180,35427181,35427182,35427183,35427184,35427185,35427186,35427187,35427188,35427189,35427190,35427191,35427192,35427193,35427194,35427195,35427196,35427197,35427198,35427199,35427200,35427201,35427202,35427203,35427204,35427205,35427206,35427207,35427208,35427209,35427210,35427211,35427212,35427213,35427214,35427215,35427216,35427217,35427218,35427219,35427220,35427221,35427222,35427223,35427224,35427225,35427226,35427227,35427228,35427229,35427230,35427231,35427232,35427233,35427234,35427235,35427236,35427237,35427238,35427239,35427240,35427241,35427242,35427243,35427244,35427245,35427246,35427247,35427248,35427249,35427250,35427251,35427252,35427253,35427254,35427255,35427256,35427257,35427258,35427259,35427260,35427261,35427262,35427263,35427264,35427265,35427266,35427267,35427268,35427269,35427270,35427271,35427272,35427273,35427274,35427275,35427276,35427277,35427278,35427279,35427280,35427281,35427282,35427283,35427284,35427285,35427286,35427287,35427288,35427289,35427290,35427291,35427292,35427293,35427294,35427295,35427296,35427297,35427298,35427299,35427300,35427301,35427302,35427303,35427304,35427305,35427306,35427307,35427308,35427309,35427310,35427311,35427312,35427313,35427314,35427315,35427316,35427317,35427318,35427319,35427320,35427321,35427322,35427323,35427324,35427325,35427326,35427327,35427328,35427329,35427330,35427331,35427332,35427333,35427334,35427335,35427336,35427337,35427338,35427339,35427340,35427341,35427342,35427343,35427344,35427345,35427346,35427347,35427348,35427349,35427350,35427351,35427352,35427353,35427354,35427355,35427356,35427357,35427358,35427359,35427360,35427361,35427362,35427363,35427364,35427365,35427366,35427367,35427368,35427369,35427370,35427371,35427372,35427373,35427374,35427375,35427376,35427377,35427378,35427379,35427380,35427381,35427382,35427383,35427384,35427385,35427386,35427387,35427388,35427389,35427390,35427391,35427392,35427393,35427394,35427395,35427396,35427397,35427398,35427399,35427400,35427401,35427402,35427403,35427404,35427405,35427406,35427407,35427408,35427409,35427410,35427411,35427412,35427413,35427414,35427415,35427416,35427417,35427418,35427419,35427420,35427421,35427422,35427423,35427424,35427425,35427426,35427427,35427428,35427429,35427430,35427431,35427432,35427433,35427434,35427435,35427436,35427437,35427438,35427439,35427440,35427441,35427442,35427443,35427444,35427445,35427446,35427447,35427448,35427449,35427450,35427451,35427452,35427453,35427454,35427455,35427456,35427457,35427458,35427459,35427460,35427461,35427462,35427463,35427464,35427465,35427466,35427467,35427468,35427469,35427470,35427471,35427472,35427473,35427474,35427475,35427476,35427477,35427478,35427479,35427480,35427481,35427482,35427483,35427484,35427485,35427486,35427487,35427488,35427489,35427490,35427491,35427492,35427493,35427494,35427495,35427496,35427497,35427498,35427499,35427500,35427501,35427502,35427503,35427504,35427505,35427506,35427507,35427508,35427509,35427510,35427511,35427512,35427513,35427514,35427515,35427516,35427517,35427518,35427519,35427520,35427521,35427522,35427523,35427524,35427525,35427526,35427527,35427528,35427529,35427530,35427531,35427532,35427533,35427534,35427535,35427536,35427537,35427538,35427539,35427540,35427541,35427542,35427543,35427544,35427545,35427546,35427547,35427548,35427549,35427550,35427551,35427552,35427553,35427554,35427555,35427556,35427557,35427558,35427559,35427560,35427561,35427562,35427563,35427564,35427565,35427566,35427567,35427568,35427569,35427570,35427571,35427572,35427573,35427574,35427575,35427576,35427577,35427578,35427579,35427580,35427581,35427582,35427583,35427584,35427585,35427586,35427587,35427588,35427589,35427590,35427591,35427592,35427593,35427594,35427595,35427596,35427597,35427598,35427599,35427600,35427601,35427602,35427603,35427604,35427605,35427606,35427607,35427608,35427609,35427610,35427611,35427612,35427613,35427614,35427615,35427616,35427617,35427618,35427619,35427620,35427621,35427622,35427623,35427624,35427625,35427626,35427627,35427628,35427629,35427630,35427631,35427632,35427633,35427634,35427635,35427636,35427637,35427638,35427639,35427640,35427641,35427642,35427643,35427644,35427645,35427646,35427647,35427648,35427649,35427650,35427651,35427652,35427653,35427654,35427655,35427656,35427657,35427658,35427659,35427660,35427661,35427662,35427663,35427664,35427665,35427666,35427667,35427668,35427669,35427670,35427671,35427672,35427673,35427674,35427675,35427676,35427677,35427678,35427679,35427680,35427681,35427682,35427683,35427684,35427685,35427686,35427687,35427688,35427689,35427690,35427691,35427692,35427693,35427694,35427695,35427696,35427697,35427698,35427699,35427700,35427701,35427702,35427703,35427704,35427705,35427706,35427707,35427708,35427709,35427710,35427711,35427712,35427713,35427714,35427715,35427716,35427717,35427718,35427719,35427720,35427721,35427722,35427723,35427724,35427725,35427726,35427727,35427728,35427729,35427730,35427731,35427732,35427733,35427734,35427735,35427736,35427737,35427738,35427739,35427740,35427741,35427742,35427743,35427744,35427745,35427746,35427747,35427748,35427749,35427750,35427751,35427752,35427753,35427754,35427755,35427756,35427757,35427758,35427759,35427760,35427761,35427762,35427763,35427764,35427765,35427766,35427767,35427768,35427769,35427770,35427771,35427772,35427773,35427774,35427775,35427776,35427777,35427778,35427779,35427780,35427781,35427782,35427783,35427784,35427785,35427786,35427787,35427788,35427789,35427790,35427791,35427792,35427793,35427794,35427795,35427796,35427797,35427798,35427799,35427800,35427801,35427802,35427803,35427804,35427805,35427806,35427807,35427808,35427809,35427810,35427811,35427812,35427813,35427814,35427815,35427816,35427817,35427818,35427819,35427820,35427821,35427822,35427823,35427824,35427825,35427826,35427827,35427828,35427829,35427830,35427831,35427832,35427833,35427834,35427835,35427836,35427837,35427838,35427839,35427840,35427841,35427842,35427843,35427844,35427845,35427846,35427847,35427848,35427849,35427850,35427851,35427852,35427853,35427854,35427855,35427856,35427857,35427858,35427859,35427860,35427861,35427862,35427863,35427864,35427865,35427866,35427867,35427868,35427869,35427870,35427871,35427872,35427873,35427874,35427875,35427876,35427877,35427878,35427879,35427880,35427881,35427882,35427883,35427884,35427885,35427886,35427887,35427888,35427889,35427890,35427891,35427892,35427893,35427894,35427895,35427896,35427897,35427898,35427899,35427900,35427901,35427902,35427903,35427904,35427905,35427906,35427907,35427908,35427909,35427910,35427911,35427912,35427913,35427914,35427915,35427916,35427917,35427918,35427919,35427920,35427921,35427922,35427923,35427924,35427925,35427926,35427927,35427928,35427929,35427930,35427931,35427932,35427933,35427934,35427935,35427936,35427937,35427938,35427939,35427940,35427941,35427942,35427943,35427944,35427945,35427946,35427947,35427948,35427949,35427950,35427951,35427952,35427953,35427954,35427955,35427956,35427957,35427958,35427959,35427960,35427961,35427962,35427963,35427964,35427965,35427966,35427967,35427968,35427969,35427970,35427971,35427972,35427973,35427974,35427975,35427976,35427977,35427978,35427979,35427980,35427981,35427982,35427983,35427984,35427985,35427986,35427987,35427988,35427989,35427990,35427991,35427992,35427993,35427994,35427995,35427996,35427997,35427998,35427999,35428000,35428001,35428002,35428003,35428004,35428005,35428006,35428007,35428008,35428009,35428010,35428011,35428012,35428013,35428014,35428015,35428016,35428017,35428018,35428019,35428020,35428021,35428022,35428023,35428024,35428025,35428026,35428027,35428028,35428029,35428030,35428031,35428032,35428033,35428034,35428035,35428036,35428037,35428038,35428039,35428040,35428041,35428042,35428043,35428044,35428045,35428046,35428047,35428048,35428049,35428050,35428051,35428052,35428053,35428054,35428055,35428056,35428057,35428058,35428059,35428060,35428061,35428062,35428063,35428064,35428065,35428066,35428067,35428068,35428069,35428070,35428071,35428072,35428073,35428074,35428075,35428076,35428077,35428078,35428079,35428080,35428081,35428082,35428083,35428084,35428085,35428086,35428087,35428088,35428089,35428090,35428091,35428092,35428093,35428094,35428095,35428096,35428097,35428098,35428099,35428100,35428101,35428102,35428103,35428104,35428105,35428106,35428107,35428108,35428109,35428110,35428111,35428112,35428113,35428114,35428115,35428116,35428117,35428118,35428119,35428120,35428121,35428122,35428123,35428124,35428125,35428126,35428127,35428128,35428129,35428130,35428131,35428132,35428133,35428134,35428135,35428136,35428137,35428138,35428139,35428140,35428141,35428142,35428143,35428144,35428145,35428146,35428147,35428148,35428149,35428150,35428151,35428152,35428153,35428154,35428155,35428156,35428157,35428158,35428159,35428160,35428161,35428162,35428163,35428164,35428165,35428166,35428167,35428168,35428169,35428170,35428171,35428172,35428173,35428174,35428175,35428176,35428177,35428178,35428179,35428180,35428181,35428182,35428183,35428184,35428185,35428186,35428187,35428188,35428189,35428190,35428191,35428192,35428193,35428194,35428195,35428196,35428197,35428198,35428199,35428200,35428201,35428202,35428203,35428204,35428205,35428206,35428207,35428208,35428209,35428210,35428211,35428212,35428213,35428214,35428215,35428216,35428217,35428218,35428219,35428220,35428221,35428222,35428223,35428224,35428225,35428226,35428227,35428228,35428229,35428230,35428231,35428232,35428233,35428234,35428235,35428236,35428237,35428238,35428239,35428240,35428241,35428242,35428243,35428244,35428245,35428246,35428247,35428248,35428249,35428250,35428251,35428252,35428253,35428254,35428255,35428256,35428257,35428258,35428259,35428260,35428261,35428262,35428263,35428264,35428265,35428266,35428267,35428268,35428269,35428270,35428271,35428272,35428273,35428274,35428275,35428276,35428277,35428278,35428279,35428280,35428281,35428282,35428283,35428284,35428285,35428286,35428287,35428288,35428289,35428290,35428291,35428292,35428293,35428294,35428295,35428296,35428297,35428298,35428299,35428300,35428301,35428302,35428303,35428304,35428305,35428306,35428307,35428308,35428309,35428310,35428311,35428312,35428313,35428314,35428315,35428316,35428317,35428318,35428319,35428320,35428321,35428322,35428323,35428324,35428325,35428326,35428327,35428328,35428329,35428330,35428331,35428332,35428333,35428334,35428335,35428336,35428337,35428338,35428339,35428340,35428341,35428342,35428343,35428344,35428345,35428346,35428347,35428348,35428349,35428350,35428351,35428352,35428353,35428354,35428355,35428356,35428357,35428358,35428359,35428360,35428361,35428362,35428363,35428364,35428365,35428366,35428367,35428368,35428369,35428370,35428371,35428372,35428373,35428374,35428375,35428376,35428377,35428378,35428379,35428380,35428381,35428382,35428383,35428384,35428385,35428386,35428387,35428388,35428389,35428390,35428391,35428392,35428393,35428394,35428395,35428396,35428397,35428398,35428399,35428400,35428401,35428402,35428403,35428404,35428405,35428406,35428407,35428408,35428409,35428410,35428411,35428412,35428413,35428414,35428415,35428416,35428417,35428418,35428419,35428420,35428421,35428422,35428423,35428424,35428425,35428426,35428427,35428428,35428429,35428430,35428431,35428432,35428433,35428434,35428435,35428436,35428437,35428438,35428439,35428440,35428441,35428442,35428443,35428444,35428445,35428446,35428447,35428448,35428449,35428450,35428451,35428452,35428453,35428454,35428455,35428456,35428457,35428458,35428459,35428460,35428461,35428462,35428463,35428464,35428465,35428466,35428467,35428468,35428469,35428470,35428471,35428472,35428473,35428474,35428475,35428476,35428477,35428478,35428479,35428480,35428481,35428482,35428483,35428484,35428485,35428486,35428487,35428488,35428489,35428490,35428491,35428492,35428493,35428494,35428495,35428496,35428497,35428498,35428499,35428500,35428501,35428502,35428503,35428504,35428505,35428506,35428507,35428508,35428509,35428510,35428511,35428512,35428513,35428514,35428515,35428516,35428517,35428518,35428519,35428520,35428521,35428522,35428523,35428524,35428525,35428526,35428527,35428528,35428529,35428530,35428531,35428532,35428533,35428534,35428535,35428536,35428537,35428538,35428539,35428540,35428541,35428542,35428543,35428544,35428545,35428546,35428547,35428548,35428549,35428550,35428551,35428552,35428553,35428554,35428555,35428556,35428557,35428558,35428559,35428560,35428561,35428562,35428563,35428564,35428565,35428566,35428567,35428568,35428569,35428570,35428571,35428572,35428573,35428574,35428575,35428576,35428577,35428578,35428579,35428580,35428581,35428582,35428583,35428584,35428585,35428586,35428587,35428588,35428589,35428590,35428591,35428592,35428593,35428594,35428595,35428596,35428597,35428598,35428599,35428600,35428601,35428602,35428603,35428604,35428605,35428606,35428607,35428608,35428609,35428610,35428611,35428612,35428613,35428614,35428615,35428616,35428617,35428618,35428619,35428620,35428621,35428622,35428623,35428624,35428625,35428626,35428627,35428628,35428629,35428630,35428631,35428632,35428633,35428634,35428635,35428636,35428637,35428638,35428639,35428640,35428641,35428642,35428643,35428644,35428645,35428646,35428647,35428648,35428649,35428650,35428651,35428652,35428653,35428654,35428655,35428656,35428657,35428658,35428659,35428660,35428661,35428662,35428663,35428664,35428665,35428666,35428667,35428668,35428669,35428670,35428671,35428672,35428673,35428674,35428675,35428676,35428677,35428678,35428679,35428680,35428681,35428682,35428683,35428684,35428685,35428686,35428687,35428688,35428689,35428690,35428691,35428692,35428693,35428694,35428695,35428696,35428697,35428698,35428699,35428700,35428701,35428702,35428703,35428704,35428705,35428706,35428707,35428708,35428709,35428710,35428711,35428712,35428713,35428714,35428715,35428716,35428717,35428718,35428719,35428720,35428721,35428722,35428723,35428724,35428725,35428726,35428727,35428728,35428729,35428730,35428731,35428732,35428733,35428734,35428735,35428736,35428737,35428738,35428739,35428740,35428741,35428742,35428743,35428744,35428745,35428746,35428747,35428748,35428749,35428750,35428751,35428752,35428753,35428754,35428755,35428756,35428757,35428758,35428759,35428760,35428761,35428762,35428763,35428764,35428765,35428766,35428767,35428768,35428769,35428770,35428771,35428772,35428773,35428774,35428775,35428776,35428777,35428778,35428779,35428780,35428781,35428782,35428783,35428784,35428785,35428786,35428787,35428788,35428789,35428790,35428791,35428792,35428793,35428794,35428795,35428796,35428797,35428798,35428799,35428800,35428801,35428802,35428803,35428804,35428805,35428806,35428807,35428808,35428809,35428810,35428811,35428812,35428813,35428814,35428815,35428816,35428817,35428818,35428819,35428820,35428821,35428822,35428823,35428824,35428825,35428826,35428827,35428828,35428829,35428830,35428831,35428832,35428833,35428834,35428835,35428836,35428837,35428838,35428839,35428840,35428841,35428842,35428843,35428844,35428845,35428846,35428847,35428848,35428849,35428850,35428851,35428852,35428853,35428854,35428855,35428856,35428857,35428858,35428859,35428860,35428861,35428862,35428863,35428864,35428865,35428866,35428867,35428868,35428869,35428870,35428871,35428872,35428873,35428874,35428875,35428876,35428877,35428878,35428879,35428880,35428881,35428882,35428883,35428884,35428885,35428886,35428887,35428888,35428889,35428890,35428891,35428892,35428893,35428894,35428895,35428896,35428897,35428898,35428899,35428900,35428901,35428902,35428903,35428904,35428905,35428906,35428907,35428908,35428909,35428910,35428911,35428912,35428913,35428914,35428915,35428916,35428917,35428918,35428919,35428920,35428921,35428922,35428923,35428924,35428925,35428926,35428927,35428928,35428929,35428930,35428931,35428932,35428933,35428934,35428935,35428936,35428937,35428938,35428939,35428940,35428941,35428942,35428943,35428944,35428945,35428946,35428947,35428948,35428949,35428950,35428951,35428952,35428953,35428954,35428955,35428956,35428957,35428958,35428959,35428960,35428961,35428962,35428963,35428964,35428965,35428966,35428967,35428968,35428969,35428970,35428971,35428972,35428973,35428974,35428975,35428976,35428977,35428978,35428979,35428980,35428981,35428982,35428983,35428984,35428985,35428986,35428987,35428988,35428989,35428990,35428991,35428992,35428993,35428994,35428995,35428996,35428997,35428998,35428999,35429000,35429001,35429002,35429003,35429004,35429005,35429006,35429007,35429008,35429009,35429010,35429011,35429012,35429013,35429014,35429015,35429016,35429017,35429018,35429019,35429020,35429021,35429022,35429023,35429024,35429025,35429026,35429027,35429028,35429029,35429030,35429031,35429032,35429033,35429034,35429035,35429036,35429037,35429038,35429039,35429040,35429041,35429042,35429043,35429044,35429045,35429046,35429047,35429048,35429049,35429050,35429051,35429052,35429053,35429054,35429055,35429056,35429057,35429058,35429059,35429060,35429061,35429062,35429063,35429064,35429065,35429066,35429067,35429068,35429069,35429070,35429071,35429072,35429073,35429074,35429075,35429076,35429077,35429078,35429079,35429080,35429081,35429082,35429083,35429084,35429085,35429086,35429087,35429088,35429089,35429090,35429091,35429092,35429093,35429094,35429095,35429096,35429097,35429098,35429099,35429100,35429101,35429102,35429103,35429104,35429105,35429106,35429107,35429108,35429109,35429110,35429111,35429112,35429113,35429114,35429115,35429116,35429117,35429118,35429119,35429120,35429121,35429122,35429123,35429124,35429125,35429126,35429127,35429128,35429129,35429130,35429131,35429132,35429133,35429134,35429135,35429136,35429137,35429138,35429139,35429140,35429141,35429142,35429143,35429144,35429145,35429146,35429147,35429148,35429149,35429150,35429151,35429152,35429153,35429154,35429155,35429156,35429157,35429158,35429159,35429160,35429161,35429162,35429163,35429164,35429165,35429166,35429167,35429168,35429169,35429170,35429171,35429172,35429173,35429174,35429175,35429176,35429177,35429178,35429179,35429180,35429181,35429182,35429183,35429184,35429185,35429186,35429187,35429188,35429189,35429190,35429191,35429192,35429193,35429194,35429195,35429196,35429197,35429198,35429199,35429200,35429201,35429202,35429203,35429204,35429205,35429206,35429207,35429208,35429209,35429210,35429211,35429212,35429213,35429214,35429215,35429216,35429217,35429218,35429219,35429220,35429221,35429222,35429223,35429224,35429225,35429226,35429227,35429228,35429229,35429230,35429231,35429232,35429233,35429234,35429235,35429236,35429237,35429238,35429239,35429240,35429241,35429242,35429243,35429244,35429245,35429246,35429247,35429248,35429249,35429250,35429251,35429252,35429253,35429254,35429255,35429256,35429257,35429258,35429259,35429260,35429261,35429262,35429263,35429264,35429265,35429266,35429267,35429268,35429269,35429270,35429271,35429272,35429273,35429274,35429275,35429276,35429277,35429278,35429279,35429280,35429281,35429282,35429283,35429284,35429285,35429286,35429287,35429288,35429289,35429290,35429291,35429292,35429293,35429294,35429295,35429296,35429297,35429298,35429299,35429300,35429301,35429302,35429303,35429304,35429305,35429306,35429307,35429308,35429309,35429310,35429311,35429312,35429313,35429314,35429315,35429316,35429317,35429318,35429319,35429320,35429321,35429322,35429323,35429324,35429325,35429326,35429327,35429328,35429329,35429330,35429331,35429332,35429333,35429334,35429335,35429336,35429337,35429338,35429339,35429340,35429341,35429342,35429343,35429344,35429345,35429346,35429347,35429348,35429349,35429350,35429351,35429352,35429353,35429354,35429355,35429356,35429357,35429358,35429359,35429360,35429361,35429362,35429363,35429364,35429365,35429366,35429367,35429368,35429369,35429370,35429371,35429372,35429373,35429374,35429375,35429376,35429377,35429378,35429379,35429380,35429381,35429382,35429383,35429384,35429385,35429386,35429387,35429388,35429389,35429390,35429391,35429392,35429393,35429394,35429395,35429396,35429397,35429398,35429399,35429400,35429401,35429402,35429403,35429404,35429405,35429406,35429407,35429408,35429409,35429410,35429411,35429412,35429413,35429414,35429415,35429416,35429417,35429418,35429419,35429420,35429421,35429422,35429423,35429424,35429425,35429426,35429427,35429428,35429429,35429430,35429431,35429432,35429433,35429434,35429435,35429436,35429437,35429438,35429439,35429440,35429441,35429442,35429443,35429444,35429445,35429446,35429447,35429448,35429449,35429450,35429451,35429452,35429453,35429454,35429455,35429456,35429457,35429458,35429459,35429460,35429461,35429462,35429463,35429464,35429465,35429466,35429467,35429468,35429469,35429470,35429471,35429472,35429473,35429474,35429475,35429476,35429477,35429478,35429479,35429480,35429481,35429482,35429483,35429484,35429485,35429486,35429487,35429488,35429489,35429490,35429491,35429492,35429493,35429494,35429495,35429496,35429497,35429498,35429499,35429500,35429501,35429502,35429503,35429504,35429505,35429506,35429507,35429508,35429509,35429510,35429511,35429512,35429513,35429514,35429515,35429516,35429517,35429518,35429519,35429520,35429521,35429522,35429523,35429524,35429525,35429526,35429527,35429528,35429529,35429530,35429531,35429532,35429533,35429534,35429535,35429536,35429537,35429538,35429539,35429540,35429541,35429542,35429543,35429544,35429545,35429546,35429547,35429548,35429549,35429550,35429551,35429552,35429553,35429554,35429555,35429556,35429557,35429558,35429559,35429560,35429561,35429562,35429563,35429564,35429565,35429566,35429567,35429568,35429569,35429570,35429571,35429572,35429573,35429574,35429575,35429576,35429577,35429578,35429579,35429580,35429581,35429582,35429583,35429584,35429585,35429586,35429587,35429588,35429589,35429590,35429591,35429592,35429593,35429594,35429595,35429596,35429597,35429598,35429599,35429600,35429601,35429602,35429603,35429604,35429605,35429606,35429607,35429608,35429609,35429610,35429611,35429612,35429613,35429614,35429615,35429616,35429617,35429618,35429619,35429620,35429621,35429622,35429623,35429624,35429625,35429626,35429627,35429628,35429629,35429630,35429631,35429632,35429633,35429634,35429635,35429636,35429637,35429638,35429639,35429640,35429641,35429642,35429643,35429644,35429645,35429646,35429647,35429648,35429649,35429650,35429651,35429652,35429653,35429654,35429655,35429656,35429657,35429658,35429659,35429660,35429661,35429662,35429663,35429664,35429665,35429666,35429667,35429668,35429669,35429670,35429671,35429672,35429673,35429674,35429675,35429676,35429677,35429678,35429679,35429680,35429681,35429682,35429683,35429684,35429685,35429686,35429687,35429688,35429689,35429690,35429691,35429692,35429693,35429694,35429695,35429696,35429697,35429698,35429699,35429700,35429701,35429702,35429703,35429704,35429705,35429706,35429707,35429708,35429709,35429710,35429711,35429712,35429713,35429714,35429715,35429716,35429717,35429718,35429719,35429720,35429721,35429722,35429723,35429724,35429725,35429726,35429727,35429728,35429729,35429730,35429731,35429732,35429733,35429734,35429735,35429736,35429737,35429738,35429739,35429740,35429741,35429742,35429743,35429744,35429745,35429746,35429747,35429748,35429749,35429750,35429751,35429752,35429753,35429754,35429755,35429756,35429757,35429758,35429759,35429760,35429761,35429762,35429763,35429764,35429765,35429766,35429767,35429768,35429769,35429770,35429771,35429772,35429773,35429774,35429775,35429776,35429777,35429778,35429779,35429780,35429781,35429782,35429783,35429784,35429785,35429786,35429787,35429788,35429789,35429790,35429791,35429792,35429793,35429794,35429795,35429796,35429797,35429798,35429799,35429800,35429801,35429802,35429803,35429804,35429805,35429806,35429807,35429808,35429809,35429810,35429811,35429812,35429813,35429814,35429815,35429816,35429817,35429818,35429819,35429820,35429821,35429822,35429823,35429824,35429825,35429826,35429827,35429828,35429829,35429830,35429831,35429832,35429833,35429834,35429835,35429836,35429837,35429838,35429839,35429840,35429841,35429842,35429843,35429844,35429845,35429846,35429847,35429848,35429849,35429850,35429851,35429852,35429853,35429854,35429855,35429856,35429857,35429858,35429859,35429860,35429861,35429862,35429863,35429864,35429865,35429866,35429867,35429868,35429869,35429870,35429871,35429872,35429873,35429874,35429875,35429876,35429877,35429878,35429879,35429880,35429881,35429882,35429883,35429884,35429885,35429886,35429887,35429888,35429889,35429890,35429891,35429892,35429893,35429894,35429895,35429896,35429897,35429898,35429899,35429900,35429901,35429902,35429903,35429904,35429905,35429906,35429907,35429908,35429909,35429910,35429911,35429912,35429913,35429914,35429915,35429916,35429917,35429918,35429919,35429920,35429921,35429922,35429923,35429924,35429925,35429926,35429927,35429928,35429929,35429930,35429931,35429932,35429933,35429934,35429935,35429936,35429937,35429938,35429939,35429940,35429941,35429942,35429943,35429944,35429945,35429946,35429947,35429948,35429949,35429950,35429951,35429952,35429953,35429954,35429955,35429956,35429957,35429958,35429959,35429960,35429961,35429962,35429963,35429964,35429965,35429966,35429967,35429968,35429969,35429970,35429971,35429972,35429973,35429974,35429975,35429976,35429977,35429978,35429979,35429980,35429981,35429982,35429983,35429984,35429985,35429986,35429987,35429988,35429989,35429990,35429991,35429992,35429993,35429994,35429995,35429996,35429997,35429998,35429999,35430000,35430001,35430002,35430003,35430004,35430005,35430006,35430007,35430008,35430009,35430010,35430011,35430012,35430013,35430014,35430015,35430016,35430017,35430018,35430019,35430020,35430021,35430022,35430023,35430024,35430025,35430026,35430027,35430028,35430029,35430030,35430031,35430032,35430033,35430034,35430035,35430036,35430037,35430038,35430039,35430040,35430041,35430042,35430043,35430044,35430045,35430046,35430047,35430048,35430049,35430050,35430051,35430052,35430053,35430054,35430055,35430056,35430057,35430058,35430059,35430060,35430061,35430062,35430063,35430064,35430065,35430066,35430067,35430068,35430069,35430070,35430071,35430072,35430073,35430074,35430075,35430076,35430077,35430078,35430079,35430080,35430081,35430082,35430083,35430084,35430085,35430086,35430087,35430088,35430089,35430090,35430091,35430092,35430093,35430094,35430095,35430096,35430097,35430098,35430099,35430100,35430101,35430102,35430103,35430104,35430105,35430106,35430107,35430108,35430109,35430110,35430111,35430112,35430113,35430114,35430115,35430116,35430117,35430118,35430119,35430120,35430121,35430122,35430123,35430124,35430125,35430126,35430127,35430128,35430129,35430130,35430131,35430132,35430133,35430134,35430135,35430136,35430137,35430138,35430139,35430140,35430141,35430142,35430143,35430144,35430145,35430146,35430147,35430148,35430149,35430150,35430151,35430152,35430153,35430154,35430155,35430156,35430157,35430158,35430159,35430160,35430161,35430162,35430163,35430164,35430165,35430166,35430167,35430168,35430169,35430170,35430171,35430172,35430173,35430174,35430175,35430176,35430177,35430178,35430179,35430180,35430181,35430182,35430183,35430184,35430185,35430186,35430187,35430188,35430189,35430190,35430191,35430192,35430193,35430194,35430195,35430196,35430197,35430198,35430199,35430200,35430201,35430202,35430203,35430204,35430205,35430206,35430207,35430208,35430209,35430210,35430211,35430212,35430213,35430214,35430215,35430216,35430217,35430218,35430219,35430220,35430221,35430222,35430223,35430224,35430225,35430226,35430227,35430228,35430229,35430230,35430231,35430232,35430233,35430234,35430235,35430236,35430237,35430238,35430239,35430240,35430241,35430242,35430243,35430244,35430245,35430246,35430247,35430248,35430249,35430250,35430251,35430252,35430253,35430254,35430255,35430256,35430257,35430258,35430259,35430260,35430261,35430262,35430263,35430264,35430265,35430266,35430267,35430268,35430269,35430270,35430271,35430272,35430273,35430274,35430275,35430276,35430277,35430278,35430279,35430280,35430281,35430282,35430283,35430284,35430285,35430286,35430287,35430288,35430289,35430290,35430291,35430292,35430293,35430294,35430295,35430296,35430297,35430298,35430299,35430300,35430301,35430302,35430303,35430304,35430305,35430306,35430307,35430308,35430309,35430310,35430311,35430312,35430313,35430314,35430315,35430316,35430317,35430318,35430319,35430320,35430321,35430322,35430323,35430324,35430325,35430326,35430327,35430328,35430329,35430330,35430331,35430332,35430333,35430334,35430335,35430336,35430337,35430338,35430339,35430340,35430341,35430342,35430343,35430344,35430345,35430346,35430347,35430348,35430349,35430350,35430351,35430352,35430353,35430354,35430355,35430356,35430357,35430358,35430359,35430360,35430361,35430362,35430363,35430364,35430365,35430366,35430367,35430368,35430369,35430370,35430371,35430372,35430373,35430374,35430375,35430376,35430377,35430378,35430379,35430380,35430381,35430382,35430383,35430384,35430385,35430386,35430387,35430388,35430389,35430390,35430391,35430392,35430393,35430394,35430395,35430396,35430397,35430398,35430399,35430400,35430401,35430402,35430403,35430404,35430405,35430406,35430407,35430408,35430409,35430410,35430411,35430412,35430413,35430414,35430415,35430416,35430417,35430418,35430419,35430420,35430421,35430422,35430423,35430424,35430425,35430426,35430427,35430428,35430429,35430430,35430431,35430432,35430433,35430434,35430435,35430436,35430437,35430438,35430439,35430440,35430441,35430442,35430443,35430444,35430445,35430446,35430447,35430448,35430449,35430450,35430451,35430452,35430453,35430454,35430455,35430456,35430457,35430458,35430459,35430460,35430461,35430462,35430463,35430464,35430465,35430466,35430467,35430468,35430469,35430470,35430471,35430472,35430473,35430474,35430475,35430476,35430477,35430478,35430479,35430480,35430481,35430482,35430483,35430484,35430485,35430486,35430487,35430488,35430489,35430490,35430491,35430492,35430493,35430494,35430495,35430496,35430497,35430498,35430499,35430500,35430501,35430502,35430503,35430504,35430505,35430506,35430507,35430508,35430509,35430510,35430511,35430512,35430513,35430514,35430515,35430516,35430517,35430518,35430519,35430520,35430521,35430522,35430523,35430524,35430525,35430526,35430527,35430528,35430529,35430530,35430531,35430532,35430533,35430534,35430535,35430536,35430537,35430538,35430539,35430540,35430541,35430542,35430543,35430544,35430545,35430546,35430547,35430548,35430549,35430550,35430551,35430552,35430553,35430554,35430555,35430556,35430557,35430558,35430559,35430560,35430561,35430562,35430563,35430564,35430565,35430566,35430567,35430568,35430569,35430570,35430571,35430572,35430573,35430574,35430575,35430576,35430577,35430578,35430579,35430580,35430581,35430582,35430583,35430584,35430585,35430586,35430587,35430588,35430589,35430590,35430591,35430592,35430593,35430594,35430595,35430596,35430597,35430598,35430599,35430600,35430601,35430602,35430603,35430604,35430605,35430606,35430607,35430608,35430609,35430610,35430611,35430612,35430613,35430614,35430615,35430616,35430617,35430618,35430619,35430620,35430621,35430622,35430623,35430624,35430625,35430626,35430627,35430628,35430629,35430630,35430631,35430632,35430633,35430634,35430635,35430636,35430637,35430638,35430639,35430640,35430641,35430642,35430643,35430644,35430645,35430646,35430647,35430648,35430649,35430650,35430651,35430652,35430653,35430654,35430655,35430656,35430657,35430658,35430659,35430660,35430661,35430662,35430663,35430664,35430665,35430666,35430667,35430668,35430669,35430670,35430671,35430672,35430673,35430674,35430675,35430676,35430677,35430678,35430679,35430680,35430681,35430682,35430683,35430684,35430685,35430686,35430687,35430688,35430689,35430690,35430691,35430692,35430693,35430694,35430695,35430696,35430697,35430698,35430699,35430700,35430701,35430702,35430703,35430704,35430705,35430706,35430707,35430708,35430709,35430710,35430711,35430712,35430713,35430714,35430715,35430716,35430717,35430718,35430719,35430720,35430721,35430722,35430723,35430724,35430725,35430726,35430727,35430728,35430729,35430730,35430731,35430732,35430733,35430734,35430735,35430736,35430737,35430738,35430739,35430740,35430741,35430742,35430743,35430744,35430745,35430746,35430747,35430748,35430749,35430750,35430751,35430752,35430753,35430754,35430755,35430756,35430757,35430758,35430759,35430760,35430761,35430762,35430763,35430764,35430765,35430766,35430767,35430768,35430769,35430770,35430771,35430772,35430773,35430774,35430775,35430776,35430777,35430778,35430779,35430780,35430781,35430782,35430783,35430784,35430785,35430786,35430787,35430788,35430789,35430790,35430791,35430792,35430793,35430794,35430795,35430796,35430797,35430798,35430799,35430800,35430801,35430802,35430803,35430804,35430805,35430806,35430807,35430808,35430809,35430810,35430811,35430812,35430813,35430814,35430815,35430816,35430817,35430818,35430819,35430820,35430821,35430822,35430823,35430824,35430825,35430826,35430827,35430828,35430829,35430830,35430831,35430832,35430833,35430834,35430835,35430836,35430837,35430838,35430839,35430840,35430841,35430842,35430843,35430844,35430845,35430846,35430847,35430848,35430849,35430850,35430851,35430852,35430853,35430854,35430855,35430856,35430857,35430858,35430859,35430860,35430861,35430862,35430863,35430864,35430865,35430866,35430867,35430868,35430869,35430870,35430871,35430872,35430873,35430874,35430875,35430876,35430877,35430878,35430879,35430880,35430881,35430882,35430883,35430884,35430885,35430886,35430887,35430888,35430889,35430890,35430891,35430892,35430893,35430894,35430895,35430896,35430897,35430898,35430899,35430900,35430901,35430902,35430903,35430904,35430905,35430906,35430907,35430908,35430909,35430910,35430911,35430912,35430913,35430914,35430915,35430916,35430917,35430918,35430919,35430920,35430921,35430922,35430923,35430924,35430925,35430926,35430927,35430928,35430929,35430930,35430931,35430932,35430933,35430934,35430935,35430936,35430937,35430938,35430939,35430940,35430941,35430942,35430943,35430944,35430945,35430946,35430947,35430948,35430949,35430950,35430951,35430952,35430953,35430954,35430955,35430956,35430957,35430958,35430959,35430960,35430961,35430962,35430963,35430964,35430965,35430966,35430967,35430968,35430969,35430970,35430971,35430972,35430973,35430974,35430975,35430976,35430977,35430978,35430979,35430980,35430981,35430982,35430983,35430984,35430985,35430986,35430987,35430988,35430989,35430990,35430991,35430992,35430993,35430994,35430995,35430996,35430997,35430998,35430999,35431000,35431001,35431002,35431003,35431004,35431005,35431006,35431007,35431008,35431009,35431010,35431011,35431012,35431013,35431014,35431015,35431016,35431017,35431018,35431019,35431020,35431021,35431022,35431023,35431024,35431025,35431026,35431027,35431028,35431029,35431030,35431031,35431032,35431033,35431034,35431035,35431036,35431037,35431038,35431039,35431040,35431041,35431042,35431043,35431044,35431045,35431046,35431047,35431048,35431049,35431050,35431051,35431052,35431053,35431054,35431055,35431056,35431057,35431058,35431059,35431060,35431061,35431062,35431063,35431064,35431065,35431066,35431067,35431068,35431069,35431070,35431071,35431072,35431073,35431074,35431075,35431076,35431077,35431078,35431079,35431080,35431081,35431082,35431083,35431084,35431085,35431086,35431087,35431088,35431089,35431090,35431091,35431092,35431093,35431094,35431095,35431096,35431097,35431098,35431099,35431100,35431101,35431102,35431103,35431104,35431105,35431106,35431107,35431108,35431109,35431110,35431111,35431112,35431113,35431114,35431115,35431116,35431117,35431118,35431119,35431120,35431121,35431122,35431123,35431124,35431125,35431126,35431127,35431128,35431129,35431130,35431131,35431132,35431133,35431134,35431135,35431136,35431137,35431138,35431139,35431140,35431141,35431142,35431143,35431144,35431145,35431146,35431147,35431148,35431149,35431150,35431151,35431152,35431153,35431154,35431155,35431156,35431157,35431158,35431159,35431160,35431161,35431162,35431163,35431164,35431165,35431166,35431167,35431168,35431169,35431170,35431171,35431172,35431173,35431174,35431175,35431176,35431177,35431178,35431179,35431180,35431181,35431182,35431183,35431184,35431185,35431186,35431187,35431188,35431189,35431190,35431191,35431192,35431193,35431194,35431195,35431196,35431197,35431198,35431199,35431200,35431201,35431202,35431203,35431204,35431205,35431206,35431207,35431208,35431209,35431210,35431211,35431212,35431213,35431214,35431215,35431216,35431217,35431218,35431219,35431220,35431221,35431222,35431223,35431224,35431225,35431226,35431227,35431228,35431229,35431230,35431231,35431232,35431233,35431234,35431235,35431236,35431237,35431238,35431239,35431240,35431241,35431242,35431243,35431244,35431245,35431246,35431247,35431248,35431249,35431250,35431251,35431252,35431253,35431254,35431255,35431256,35431257,35431258,35431259,35431260,35431261,35431262,35431263,35431264,35431265,35431266,35431267,35431268,35431269,35431270,35431271,35431272,35431273,35431274,35431275,35431276,35431277,35431278,35431279,35431280,35431281,35431282,35431283,35431284,35431285,35431286,35431287,35431288,35431289,35431290,35431291,35431292,35431293,35431294,35431295,35431296,35431297,35431298,35431299,35431300,35431301,35431302,35431303,35431304,35431305,35431306,35431307,35431308,35431309,35431310,35431311,35431312,35431313,35431314,35431315,35431316,35431317,35431318,35431319,35431320,35431321,35431322,35431323,35431324,35431325,35431326,35431327,35431328,35431329,35431330,35431331,35431332,35431333,35431334,35431335,35431336,35431337,35431338,35431339,35431340,35431341,35431342,35431343,35431344,35431345,35431346,35431347,35431348,35431349,35431350,35431351,35431352,35431353,35431354,35431355,35431356,35431357,35431358,35431359,35431360,35431361,35431362,35431363,35431364,35431365,35431366,35431367,35431368,35431369,35431370,35431371,35431372,35431373,35431374,35431375,35431376,35431377,35431378,35431379,35431380,35431381,35431382,35431383,35431384,35431385,35431386,35431387,35431388,35431389,35431390,35431391,35431392,35431393,35431394,35431395,35431396,35431397,35431398,35431399,35431400,35431401,35431402,35431403,35431404,35431405,35431406,35431407,35431408,35431409,35431410,35431411,35431412,35431413,35431414,35431415,35431416,35431417,35431418,35431419,35431420,35431421,35431422,35431423,35431424,35431425,35431426,35431427,35431428,35431429,35431430,35431431,35431432,35431433,35431434,35431435,35431436,35431437,35431438,35431439,35431440,35431441,35431442,35431443,35431444,35431445,35431446,35431447,35431448,35431449,35431450,35431451,35431452,35431453,35431454,35431455,35431456,35431457,35431458,35431459,35431460,35431461,35431462,35431463,35431464,35431465,35431466,35431467,35431468,35431469,35431470,35431471,35431472,35431473,35431474,35431475,35431476,35431477,35431478,35431479,35431480,35431481,35431482,35431483,35431484,35431485,35431486,35431487,35431488,35431489,35431490,35431491,35431492,35431493,35431494,35431495,35431496,35431497,35431498,35431499,35431500,35431501,35431502,35431503,35431504,35431505,35431506,35431507,35431508,35431509,35431510,35431511,35431512,35431513,35431514,35431515,35431516,35431517,35431518,35431519,35431520,35431521,35431522,35431523,35431524,35431525,35431526,35431527,35431528,35431529,35431530,35431531,35431532,35431533,35431534,35431535,35431536,35431537,35431538,35431539,35431540,35431541,35431542,35431543,35431544,35431545,35431546,35431547,35431548,35431549,35431550,35431551,35431552,35431553,35431554,35431555,35431556,35431557,35431558,35431559,35431560,35431561,35431562,35431563,35431564,35431565,35431566,35431567,35431568,35431569,35431570,35431571,35431572,35431573,35431574,35431575,35431576,35431577,35431578,35431579,35431580,35431581,35431582,35431583,35431584,35431585,35431586,35431587,35431588,35431589,35431590,35431591,35431592,35431593,35431594,35431595,35431596,35431597,35431598,35431599,35431600,35431601,35431602,35431603,35431604,35431605,35431606,35431607,35431608,35431609,35431610,35431611,35431612,35431613,35431614,35431615,35431616,35431617,35431618,35431619,35431620,35431621,35431622,35431623,35431624,35431625,35431626,35431627,35431628,35431629,35431630,35431631,35431632,35431633,35431634,35431635,35431636,35431637,35431638,35431639,35431640,35431641,35431642,35431643,35431644,35431645,35431646,35431647,35431648,35431649,35431650,35431651,35431652,35431653,35431654,35431655,35431656,35431657,35431658,35431659,35431660,35431661,35431662,35431663,35431664,35431665,35431666,35431667,35431668,35431669,35431670,35431671,35431672,35431673,35431674,35431675,35431676,35431677,35431678,35431679,35431680,35431681,35431682,35431683,35431684,35431685,35431686,35431687,35431688,35431689,35431690,35431691,35431692,35431693,35431694,35431695,35431696,35431697,35431698,35431699,35431700,35431701,35431702,35431703,35431704,35431705,35431706,35431707,35431708,35431709,35431710,35431711,35431712,35431713,35431714,35431715,35431716,35431717,35431718,35431719,35431720,35431721,35431722,35431723,35431724,35431725,35431726,35431727,35431728,35431729,35431730,35431731,35431732,35431733,35431734,35431735,35431736,35431737,35431738,35431739,35431740,35431741,35431742,35431743,35431744,35431745,35431746,35431747,35431748,35431749,35431750,35431751,35431752,35431753,35431754,35431755,35431756,35431757,35431758,35431759,35431760,35431761,35431762,35431763,35431764,35431765,35431766,35431767,35431768,35431769,35431770,35431771,35431772,35431773,35431774,35431775,35431776,35431777,35431778,35431779,35431780,35431781,35431782,35431783,35431784,35431785,35431786,35431787,35431788,35431789,35431790,35431791,35431792,35431793,35431794,35431795,35431796,35431797,35431798,35431799,35431800,35431801,35431802,35431803,35431804,35431805,35431806,35431807,35431808,35431809,35431810,35431811,35431812,35431813,35431814,35431815,35431816,35431817,35431818,35431819,35431820,35431821,35431822,35431823,35431824,35431825,35431826,35431827,35431828,35431829,35431830,35431831,35431832,35431833,35431834,35431835,35431836,35431837,35431838,35431839,35431840,35431841,35431842,35431843,35431844,35431845,35431846,35431847,35431848,35431849,35431850,35431851,35431852,35431853,35431854,35431855,35431856,35431857,35431858,35431859,35431860,35431861,35431862,35431863,35431864,35431865,35431866,35431867,35431868,35431869,35431870,35431871,35431872,35431873,35431874,35431875,35431876,35431877,35431878,35431879,35431880,35431881,35431882,35431883,35431884,35431885,35431886,35431887,35431888,35431889,35431890,35431891,35431892,35431893,35431894,35431895,35431896,35431897,35431898,35431899,35431900,35431901,35431902,35431903,35431904,35431905,35431906,35431907,35431908,35431909,35431910,35431911,35431912,35431913,35431914,35431915,35431916,35431917,35431918,35431919,35431920,35431921,35431922,35431923,35431924,35431925,35431926,35431927,35431928,35431929,35431930,35431931,35431932,35431933,35431934,35431935,35431936,35431937,35431938,35431939,35431940,35431941,35431942,35431943,35431944,35431945,35431946,35431947,35431948,35431949,35431950,35431951,35431952,35431953,35431954,35431955,35431956,35431957,35431958,35431959,35431960,35431961,35431962,35431963,35431964,35431965,35431966,35431967,35431968,35431969,35431970,35431971,35431972,35431973,35431974,35431975,35431976,35431977,35431978,35431979,35431980,35431981,35431982,35431983,35431984,35431985,35431986,35431987,35431988,35431989,35431990,35431991,35431992,35431993,35431994,35431995,35431996,35431997,35431998,35431999,35432000,35432001,35432002,35432003,35432004,35432005,35432006,35432007,35432008,35432009,35432010,35432011,35432012,35432013,35432014,35432015,35432016,35432017,35432018,35432019,35432020,35432021,35432022,35432023,35432024,35432025,35432026,35432027,35432028,35432029,35432030,35432031,35432032,35432033,35432034,35432035,35432036,35432037,35432038,35432039,35432040,35432041,35432042,35432043,35432044,35432045,35432046,35432047,35432048,35432049,35432050,35432051,35432052,35432053,35432054,35432055,35432056,35432057,35432058,35432059,35432060,35432061,35432062,35432063,35432064,35432065,35432066,35432067,35432068,35432069,35432070,35432071,35432072,35432073,35432074,35432075,35432076,35432077,35432078,35432079,35432080,35432081,35432082,35432083,35432084,35432085,35432086,35432087,35432088,35432089,35432090,35432091,35432092,35432093,35432094,35432095,35432096,35432097,35432098,35432099,35432100,35432101,35432102,35432103,35432104,35432105,35432106,35432107,35432108,35432109,35432110,35432111,35432112,35432113,35432114,35432115,35432116,35432117,35432118,35432119,35432120,35432121,35432122,35432123,35432124,35432125,35432126,35432127,35432128,35432129,35432130,35432131,35432132,35432133,35432134,35432135,35432136,35432137,35432138,35432139,35432140,35432141,35432142,35432143,35432144,35432145,35432146,35432147,35432148,35432149,35432150,35432151,35432152,35432153,35432154,35432155,35432156,35432157,35432158,35432159,35432160,35432161,35432162,35432163,35432164,35432165,35432166,35432167,35432168,35432169,35432170,35432171,35432172,35432173,35432174,35432175,35432176,35432177,35432178,35432179,35432180,35432181,35432182,35432183,35432184,35432185,35432186,35432187,35432188,35432189,35432190,35432191,35432192,35432193,35432194,35432195,35432196,35432197,35432198,35432199,35432200,35432201,35432202,35432203,35432204,35432205,35432206,35432207,35432208,35432209,35432210,35432211,35432212,35432213,35432214,35432215,35432216,35432217,35432218,35432219,35432220,35432221,35432222,35432223,35432224,35432225,35432226,35432227,35432228,35432229,35432230,35432231,35432232,35432233,35432234,35432235,35432236,35432237,35432238,35432239,35432240,35432241,35432242,35432243,35432244,35432245,35432246,35432247,35432248,35432249,35432250,35432251,35432252,35432253,35432254,35432255,35432256,35432257,35432258,35432259,35432260,35432261,35432262,35432263,35432264,35432265,35432266,35432267,35432268,35432269,35432270,35432271,35432272,35432273,35432274,35432275,35432276,35432277,35432278,35432279,35432280,35432281,35432282,35432283,35432284,35432285,35432286,35432287,35432288,35432289,35432290,35432291,35432292,35432293,35432294,35432295,35432296,35432297,35432298,35432299,35432300,35432301,35432302,35432303,35432304,35432305,35432306,35432307,35432308,35432309,35432310,35432311,35432312,35432313,35432314,35432315,35432316,35432317,35432318,35432319,35432320,35432321,35432322,35432323,35432324,35432325,35432326,35432327,35432328,35432329,35432330,35432331,35432332,35432333,35432334,35432335,35432336,35432337,35432338,35432339,35432340,35432341,35432342,35432343,35432344,35432345,35432346,35432347,35432348,35432349,35432350,35432351,35432352,35432353,35432354,35432355,35432356,35432357,35432358,35432359,35432360,35432361,35432362,35432363,35432364,35432365,35432366,35432367,35432368,35432369,35432370,35432371,35432372,35432373,35432374,35432375,35432376,35432377,35432378,35432379,35432380,35432381,35432382,35432383,35432384,35432385,35432386,35432387,35432388,35432389,35432390,35432391,35432392,35432393,35432394,35432395,35432396,35432397,35432398,35432399,35432400,35432401,35432402,35432403,35432404,35432405,35432406,35432407,35432408,35432409,35432410,35432411,35432412,35432413,35432414,35432415,35432416,35432417,35432418,35432419,35432420,35432421,35432422,35432423,35432424,35432425,35432426,35432427,35432428,35432429,35432430,35432431,35432432,35432433,35432434,35432435,35432436,35432437,35432438,35432439,35432440,35432441,35432442,35432443,35432444,35432445,35432446,35432447,35432448,35432449,35432450,35432451,35432452,35432453,35432454,35432455,35432456,35432457,35432458,35432459,35432460,35432461,35432462,35432463,35432464,35432465,35432466,35432467,35432468,35432469,35432470,35432471,35432472,35432473,35432474,35432475,35432476,35432477,35432478,35432479,35432480,35432481,35432482,35432483,35432484,35432485,35432486,35432487,35432488,35432489,35432490,35432491,35432492,35432493,35432494,35432495,35432496,35432497,35432498,35432499,35432500,35432501,35432502,35432503,35432504,35432505,35432506,35432507,35432508,35432509,35432510,35432511,35432512,35432513,35432514,35432515,35432516,35432517,35432518,35432519,35432520,35432521,35432522,35432523,35432524,35432525,35432526,35432527,35432528,35432529,35432530,35432531,35432532,35432533,35432534,35432535,35432536,35432537,35432538,35432539,35432540,35432541,35432542,35432543,35432544,35432545,35432546,35432547,35432548,35432549,35432550,35432551,35432552,35432553,35432554,35432555,35432556,35432557,35432558,35432559,35432560,35432561,35432562,35432563,35432564,35432565,35432566,35432567,35432568,35432569,35432570,35432571,35432572,35432573,35432574,35432575,35432576,35432577,35432578,35432579,35432580,35432581,35432582,35432583,35432584,35432585,35432586,35432587,35432588,35432589,35432590,35432591,35432592,35432593,35432594,35432595,35432596,35432597,35432598,35432599,35432600,35432601,35432602,35432603,35432604,35432605,35432606,35432607,35432608,35432609,35432610,35432611,35432612,35432613,35432614,35432615,35432616,35432617,35432618,35432619,35432620,35432621,35432622,35432623,35432624,35432625,35432626,35432627,35432628,35432629,35432630,35432631,35432632,35432633,35432634,35432635,35432636,35432637,35432638,35432639,35432640,35432641,35432642,35432643,35432644,35432645,35432646,35432647,35432648,35432649,35432650,35432651,35432652,35432653,35432654,35432655,35432656,35432657,35432658,35432659,35432660,35432661,35432662,35432663,35432664,35432665,35432666,35432667,35432668,35432669,35432670,35432671,35432672,35432673,35432674,35432675,35432676,35432677,35432678,35432679,35432680,35432681,35432682,35432683,35432684,35432685,35432686,35432687,35432688,35432689,35432690,35432691,35432692,35432693,35432694,35432695,35432696,35432697,35432698,35432699,35432700,35432701,35432702,35432703,35432704,35432705,35432706,35432707,35432708,35432709,35432710,35432711,35432712,35432713,35432714,35432715,35432716,35432717,35432718,35432719,35432720,35432721,35432722,35432723,35432724,35432725,35432726,35432727,35432728,35432729,35432730,35432731,35432732,35432733,35432734,35432735,35432736,35432737,35432738,35432739,35432740,35432741,35432742,35432743,35432744,35432745,35432746,35432747,35432748,35432749,35432750,35432751,35432752,35432753,35432754,35432755,35432756,35432757,35432758,35432759,35432760,35432761,35432762,35432763,35432764,35432765,35432766,35432767,35432768,35432769,35432770,35432771,35432772,35432773,35432774,35432775,35432776,35432777,35432778,35432779,35432780,35432781,35432782,35432783,35432784,35432785,35432786,35432787,35432788,35432789,35432790,35432791,35432792,35432793,35432794,35432795,35432796,35432797,35432798,35432799,35432800,35432801,35432802,35432803,35432804,35432805,35432806,35432807,35432808,35432809,35432810,35432811,35432812,35432813,35432814,35432815,35432816,35432817,35432818,35432819,35432820,35432821,35432822,35432823,35432824,35432825,35432826,35432827,35432828,35432829,35432830,35432831,35432832,35432833,35432834,35432835,35432836,35432837,35432838,35432839,35432840,35432841,35432842,35432843,35432844,35432845,35432846,35432847,35432848,35432849,35432850,35432851,35432852,35432853,35432854,35432855,35432856,35432857,35432858,35432859,35432860,35432861,35432862,35432863,35432864,35432865,35432866,35432867,35432868,35432869,35432870,35432871,35432872,35432873,35432874,35432875,35432876,35432877,35432878,35432879,35432880,35432881,35432882,35432883,35432884,35432885,35432886,35432887,35432888,35432889,35432890,35432891,35432892,35432893,35432894,35432895,35432896,35432897,35432898,35432899,35432900,35432901,35432902,35432903,35432904,35432905,35432906,35432907,35432908,35432909,35432910,35432911,35432912,35432913,35432914,35432915,35432916,35432917,35432918,35432919,35432920,35432921,35432922,35432923,35432924,35432925,35432926,35432927,35432928,35432929,35432930,35432931,35432932,35432933,35432934,35432935,35432936,35432937,35432938,35432939,35432940,35432941,35432942,35432943,35432944,35432945,35432946,35432947,35432948,35432949,35432950,35432951,35432952,35432953,35432954,35432955,35432956,35432957,35432958,35432959,35432960,35432961,35432962,35432963,35432964,35432965,35432966,35432967,35432968,35432969,35432970,35432971,35432972,35432973,35432974,35432975,35432976,35432977,35432978,35432979,35432980,35432981,35432982,35432983,35432984,35432985,35432986,35432987,35432988,35432989,35432990,35432991,35432992,35432993,35432994,35432995,35432996,35432997,35432998,35432999,35433000,35433001,35433002,35433003,35433004,35433005,35433006,35433007,35433008,35433009,35433010,35433011,35433012,35433013,35433014,35433015,35433016,35433017,35433018,35433019,35433020,35433021,35433022,35433023,35433024,35433025,35433026,35433027,35433028,35433029,35433030,35433031,35433032,35433033,35433034,35433035,35433036,35433037,35433038,35433039,35433040,35433041,35433042,35433043,35433044,35433045,35433046,35433047,35433048,35433049,35433050,35433051,35433052,35433053,35433054,35433055,35433056,35433057,35433058,35433059,35433060,35433061,35433062,35433063,35433064,35433065,35433066,35433067,35433068,35433069,35433070,35433071,35433072,35433073,35433074,35433075,35433076,35433077,35433078,35433079,35433080,35433081,35433082,35433083,35433084,35433085,35433086,35433087,35433088,35433089,35433090,35433091,35433092,35433093,35433094,35433095,35433096,35433097,35433098,35433099,35433100,35433101,35433102,35433103,35433104,35433105,35433106,35433107,35433108,35433109,35433110,35433111,35433112,35433113,35433114,35433115,35433116,35433117,35433118,35433119,35433120,35433121,35433122,35433123,35433124,35433125,35433126,35433127,35433128,35433129,35433130,35433131,35433132,35433133,35433134,35433135,35433136,35433137,35433138,35433139,35433140,35433141,35433142,35433143,35433144,35433145,35433146,35433147,35433148,35433149,35433150,35433151,35433152,35433153,35433154,35433155,35433156,35433157,35433158,35433159,35433160,35433161,35433162,35433163,35433164,35433165,35433166,35433167,35433168,35433169,35433170,35433171,35433172,35433173,35433174,35433175,35433176,35433177,35433178,35433179,35433180,35433181,35433182,35433183,35433184,35433185,35433186,35433187